
Gurobi Optimizer version 7.5.1 build v7.5.1rc0 (linux64)
Copyright (c) 2017, Gurobi Optimization, Inc.

Read LP format model from file all.lp
Reading time = 0.96 seconds
obj: 1223 rows, 344539 columns, 689078 nonzeros
Optimize a model with 1223 rows, 344539 columns and 689078 nonzeros
Variable types: 0 continuous, 344539 integer (344539 binary)
Coefficient statistics:
  Matrix range     [1e+00, 1e+00]
  Objective range  [1e-05, 2e-02]
  Bounds range     [1e+00, 1e+00]
  RHS range        [5e+00, 5e+00]
Found heuristic solution: objective 0.858054
Presolve time: 1.11s
Presolved: 1223 rows, 344539 columns, 689078 nonzeros
Variable types: 0 continuous, 344539 integer (344539 binary)

Starting sifting (using dual simplex for sub-problems)...

    Iter     Pivots    Primal Obj      Dual Obj        Time
       0          0     infinity     -9.0871618e+00      2s
       1       1228   1.6936000e+10  -7.8711758e+00      2s
       2       3699   6.4720000e+09  -6.7568030e+00      2s
       3       5592   9.9999994e+06  -6.6581122e+00      2s
       4       7623  -1.3276631e+00  -6.2903407e+00      2s
       5       9861  -1.5481712e+00  -5.7743073e+00      2s
       6      12105  -1.6902824e+00  -5.5992194e+00      2s
       7      14345  -1.7088238e+00  -5.0811744e+00      2s
       8      16593  -1.7504012e+00  -4.7730168e+00      2s
       9      18896  -1.7926973e+00  -4.4892010e+00      2s
      10      21191  -1.8460179e+00  -4.1943261e+00      3s
      11      23523  -1.9515454e+00  -3.9546031e+00      3s
      12      25930  -2.0996266e+00  -3.8623577e+00      3s
      13      28333  -2.1698782e+00  -3.7056241e+00      3s
      14      30843  -2.2951705e+00  -3.5511137e+00      3s
      15      33483  -2.3877960e+00  -3.3509720e+00      3s
      16      36139  -2.4672521e+00  -3.2334275e+00      3s
      17      38838  -2.4932120e+00  -3.1206274e+00      3s
      18      41489  -2.5090285e+00  -2.9737359e+00      3s
      19      44159  -2.5178691e+00  -2.8762757e+00      3s
      20      46748  -2.5252382e+00  -2.7740775e+00      4s
      21      49243  -2.5323757e+00  -2.7140873e+00      4s
      22      51661  -2.5347126e+00  -2.6580556e+00      4s
      23      53932  -2.5363996e+00  -2.6099771e+00      4s
      24      56051  -2.5376969e+00  -2.5778199e+00      4s
      25      57899  -2.5377312e+00  -2.5483158e+00      4s

Sifting complete


Root relaxation: objective 2.537754e+00, 59379 iterations, 2.80 seconds

    Nodes    |    Current Node    |     Objective Bounds      |     Work
 Expl Unexpl |  Obj  Depth IntInf | Incumbent    BestBd   Gap | It/Node Time

*    0     0               0       2.5377544    2.53775  0.00%     -    5s

Explored 0 nodes (59379 simplex iterations) in 5.33 seconds
Thread count was 16 (of 16 available processors)

Solution count 2: 2.53775 0.858054 

Optimal solution found (tolerance 1.00e-04)
Best objective 2.537754450000e+00, best bound 2.537754450000e+00, gap 0.0000%

Wrote result file 'all.sol'

% Gurobi computed a set of 2205 edges and weight 2.5377544499999956
6 1000 0.0060498 
6 1004 0.0094054 
6 1005 0.010379 
6 1006 0.010637 
6 1007 0.011395 
7 1004 0.010533 
7 1005 0.011428 
7 1006 0.011996 
7 1007 0.01281 
7 1008 0.013366 
8 1004 0.01211 
8 1005 0.013833 
8 1006 0.013973 
8 1007 0.014588 
8 1008 0.016512 
9 565 0.011914 
9 1005 0.013298 
9 1006 0.0152 
9 1007 0.013703 
9 1008 0.013989 
10 564 0.0082753 
10 566 0.0077696 
10 567 0.0067799 
10 1006 0.010172 
10 1007 0.010823 
11 568 0.0041054 
11 569 0.0037877 
11 1000 0.0041371 
11 1002 0.0042177 
11 1003 0.0044078 
12 570 0.0034716 
12 573 0.0028495 
12 999 0.002953 
12 1001 0.0032727 
12 1002 0.0033921 
13 568 0.0030731 
13 572 0.0028245 
13 573 0.0026292 
13 999 0.0025524 
13 1001 0.003124 
14 569 0.003584 
14 570 0.0030741 
14 998 0.0023228 
14 999 0.0025998 
14 1002 0.0029825 
15 573 0.0021366 
15 575 0.0016743 
15 998 0.0021595 
15 1000 0.0030718 
15 1001 0.0024608 
16 575 0.0014739 
16 576 0.0016501 
16 996 0.0015284 
16 997 0.0017554 
16 998 0.0018997 
17 992 0.0013605 
17 994 0.0014941 
17 995 0.0014569 
17 996 0.0015567 
17 997 0.0019273 
18 991 0.0011529 
18 993 0.0012877 
18 995 0.0013602 
18 997 0.0017543 
18 999 0.0017369 
19 991 0.0011785 
19 993 0.0012546 
19 994 0.0015184 
19 996 0.0014996 
19 998 0.0017585 
20 982 0.0010707 
20 989 0.0013024 
20 990 0.0011001 
20 996 0.0015672 
20 997 0.0016241 
21 990 0.00098555 
21 993 0.0012864 
21 995 0.0012655 
21 996 0.0013127 
21 998 0.0016481 
22 985 0.0010368 
22 987 0.0010116 
22 989 0.00099762 
22 991 0.0009957 
22 994 0.0012443 
23 580 0.00097826 
23 978 0.00098469 
23 992 0.0011551 
23 994 0.0011478 
23 995 0.0011953 
24 961 0.001001 
24 970 0.00092221 
24 980 0.00091903 
24 983 0.0010498 
24 988 0.0010454 
25 954 0.00074395 
25 964 0.00094843 
25 986 0.00088872 
25 989 0.00094359 
25 994 0.0011303 
26 599 0.00072931 
26 961 0.00091119 
26 981 0.0008353 
26 986 0.00093885 
26 989 0.00094537 
27 586 0.00093536 
27 977 0.00077093 
27 980 0.0007943 
27 986 0.0009056 
27 988 0.00096706 
28 948 0.0006685 
28 966 0.00070208 
28 982 0.00078784 
28 986 0.00078684 
28 993 0.0010825 
29 911 0.00060791 
29 963 0.00071985 
29 974 0.00069774 
29 985 0.00087116 
29 991 0.00081005 
30 961 0.00086834 
30 975 0.00074088 
30 981 0.00072929 
30 984 0.00090345 
30 992 0.0009186 
31 964 0.00082887 
31 971 0.00099617 
31 975 0.0008129 
31 978 0.00091382 
31 982 0.00077314 
32 977 0.00092138 
32 983 0.00086896 
32 987 0.00094579 
32 990 0.00093512 
32 991 0.00090682 
33 915 0.0007515 
33 974 0.00076762 
33 979 0.00083411 
33 985 0.00077585 
33 988 0.00080443 
34 951 0.00070067 
34 960 0.00070932 
34 972 0.00084265 
34 981 0.00069509 
34 988 0.00075525 
35 967 0.00080208 
35 972 0.0008359 
35 975 0.00078582 
35 987 0.00090347 
35 989 0.00087733 
36 945 0.00074595 
36 946 0.00066829 
36 950 0.00073268 
36 977 0.00073607 
36 978 0.00083346 
37 940 0.00062901 
37 947 0.00066593 
37 973 0.00076388 
37 975 0.0007268 
37 978 0.00073793 
38 923 0.0006292 
38 956 0.00078385 
38 964 0.00076065 
38 976 0.00070035 
38 986 0.00090502 
39 933 0.00065375 
39 962 0.00078693 
39 965 0.00066327 
39 971 0.00087172 
39 972 0.0007936 
40 942 0.00061965 
40 947 0.0006072 
40 959 0.00062281 
40 968 0.00072318 
40 971 0.00076757 
41 886 0.00054519 
41 896 0.00061366 
41 910 0.00061425 
41 962 0.00078765 
41 966 0.00069202 
42 901 0.00068048 
42 963 0.00067337 
42 967 0.00063614 
42 981 0.00069129 
42 990 0.00075791 
43 939 0.00068103 
43 946 0.00063479 
43 948 0.00071294 
43 952 0.00063746 
43 958 0.0005998 
44 921 0.00060115 
44 922 0.00072449 
44 946 0.00065885 
44 962 0.00074385 
44 968 0.00085612 
45 613 0.00056935 
45 939 0.00074782 
45 962 0.00070723 
45 967 0.00072924 
45 976 0.00063536 
46 820 0.00073175 
46 943 0.00064733 
46 959 0.00060642 
46 974 0.00064058 
46 979 0.00081082 
47 921 0.00051516 
47 932 0.00057041 
47 954 0.00058561 
47 956 0.00073087 
47 977 0.00067031 
48 954 0.00059833 
48 955 0.00071081 
48 957 0.00071494 
48 963 0.00065203 
48 974 0.0006608 
49 868 0.00055927 
49 939 0.00068374 
49 955 0.00071393 
49 979 0.00077129 
49 980 0.00071868 
50 916 0.00053028 
50 951 0.00058726 
50 956 0.00072916 
50 958 0.00054531 
50 970 0.00063312 
51 927 0.00058274 
51 947 0.00061261 
51 951 0.00063205 
51 970 0.00068199 
51 973 0.00076791 
52 914 0.00070319 
52 966 0.00077232 
52 973 0.00079082 
52 976 0.00073346 
52 987 0.00084968 
53 931 0.00063973 
53 957 0.00071096 
53 968 0.00081848 
53 969 0.00068811 
53 971 0.00084509 
54 896 0.00052032 
54 919 0.00048376 
54 968 0.00065181 
54 981 0.00064223 
54 984 0.00075341 
55 597 0.00060989 
55 889 0.00069333 
55 948 0.00062919 
55 965 0.00062196 
55 977 0.0006562 
56 915 0.00059491 
56 928 0.00055951 
56 936 0.00061661 
56 972 0.00068606 
56 978 0.00068923 
57 853 0.00045299 
57 926 0.00059226 
57 944 0.00057148 
57 979 0.0006361 
57 982 0.00065281 
58 921 0.0006237 
58 922 0.00078053 
58 924 0.00061849 
58 950 0.00066517 
58 988 0.00080722 
59 915 0.00057122 
59 971 0.00082911 
59 983 0.00078713 
59 984 0.0010906 
59 985 0.000904 
60 902 0.00056875 
60 945 0.00064252 
60 954 0.00057976 
60 964 0.00068265 
60 985 0.00089057 
61 913 0.00054995 
61 918 0.00047809 
61 945 0.00058481 
61 953 0.00057919 
61 972 0.00066338 
62 597 0.00055506 
62 869 0.00054257 
62 938 0.00052992 
62 941 0.00051022 
62 965 0.00054619 
64 912 0.00053077 
64 927 0.00054787 
64 940 0.00059121 
64 943 0.00066416 
64 976 0.00072623 
65 928 0.00055654 
65 929 0.0005535 
65 948 0.00071155 
65 956 0.00063641 
65 965 0.00054352 
66 890 0.00048991 
66 929 0.00053999 
66 932 0.00058397 
66 947 0.00062781 
66 959 0.00058877 
67 841 0.00051919 
67 861 0.00050587 
67 879 0.00059339 
67 966 0.00063019 
67 967 0.00060484 
68 853 0.00046216 
68 890 0.00045022 
68 949 0.00059867 
68 953 0.00053033 
68 974 0.00057032 
69 891 0.00054675 
69 901 0.00069311 
69 907 0.00059352 
69 930 0.00059691 
69 979 0.00069446 
70 885 0.00051468 
70 930 0.00053004 
70 932 0.00052734 
70 950 0.00052396 
70 955 0.00072531 
71 942 0.00065206 
72 919 0.00047926 
72 926 0.00050285 
72 928 0.00054515 
72 950 0.00054829 
73 804 0.00050966 
73 878 0.00048071 
73 890 0.00047598 
73 935 0.00052074 
73 953 0.00052111 
74 924 0.00051949 
74 956 0.00063075 
74 960 0.00055618 
75 878 0.00045103 
75 895 0.00046828 
75 906 0.00051037 
75 946 0.00050578 
75 973 0.00063252 
76 889 0.00073802 
76 905 0.00063942 
76 917 0.00061852 
76 920 0.00054514 
76 937 0.00063233 
77 888 0.00051668 
77 911 0.00047703 
77 938 0.00053623 
77 945 0.00058345 
77 961 0.00070292 
78 865 0.00049908 
78 880 0.00055264 
78 898 0.00053766 
78 927 0.00055048 
78 953 0.00051768 
79 927 0.00054296 
79 933 0.00051567 
79 938 0.0006496 
79 949 0.00053607 
79 975 0.00064029 
80 605 0.00048167 
80 852 0.00040726 
80 891 0.00047852 
80 969 0.00055021 
81 871 0.0004992 
81 889 0.00064607 
81 894 0.00048038 
81 917 0.00056482 
81 935 0.0004765 
82 605 0.00054907 
82 884 0.00047017 
82 950 0.00051957 
82 951 0.00055748 
82 960 0.00057384 
83 880 0.00050967 
83 920 0.00047235 
83 937 0.00054113 
83 969 0.00055256 
84 810 0.00050792 
84 871 0.00049965 
84 901 0.00058205 
84 913 0.00053779 
84 970 0.00053593 
85 586 0.00060663 
85 849 0.00053556 
85 893 0.00051495 
85 929 0.00053819 
85 952 0.00056489 
86 933 0.00047118 
87 845 0.00047852 
87 893 0.00051256 
87 923 0.00053447 
87 952 0.00053978 
87 957 0.00058689 
88 885 0.00053439 
88 887 0.00052222 
88 923 0.00068517 
88 932 0.00056621 
88 953 0.00054861 
89 838 0.00056124 
89 870 0.00060296 
89 892 0.00063304 
89 940 0.0005403 
89 965 0.00066357 
90 853 0.00047969 
90 876 0.00046686 
90 898 0.00050986 
90 936 0.0005085 
90 938 0.00054734 
91 863 0.00048014 
91 909 0.000476 
91 919 0.0005549 
91 943 0.00056164 
91 959 0.00055903 
92 881 0.00051422 
92 930 0.00053249 
92 958 0.00067481 
92 966 0.00062256 
92 973 0.00063217 
93 894 0.00048898 
93 909 0.00053665 
93 923 0.00049135 
93 933 0.00055428 
94 642 0.0007763 
94 669 0.0012164 
94 895 0.00047494 
94 936 0.00067628 
95 857 0.00050009 
95 905 0.00053345 
95 917 0.00066583 
95 951 0.00056037 
96 888 0.00047374 
96 901 0.00062135 
96 912 0.00048815 
96 924 0.00054075 
96 944 0.00058802 
97 893 0.00050167 
97 911 0.0004808 
97 935 0.00045576 
98 902 0.00058356 
98 916 0.00049871 
98 931 0.00050569 
98 934 0.00050529 
99 876 0.00049205 
99 907 0.00051323 
99 921 0.00044537 
99 934 0.00055224 
99 936 0.00051929 
100 875 0.00051811 
100 884 0.00044319 
100 890 0.00043755 
101 900 0.00058144 
101 941 0.00049443 
101 955 0.00066103 
101 957 0.00060084 
102 913 0.00054007 
102 939 0.00057189 
103 587 0.00054114 
103 863 0.00048516 
103 864 0.00050692 
103 884 0.00060872 
103 896 0.00054666 
104 880 0.00045675 
104 942 0.00050189 
105 869 0.0004891 
105 884 0.00044334 
105 903 0.0005366 
105 916 0.00050562 
105 952 0.00054302 
106 822 0.00055731 
106 868 0.00043803 
106 912 0.00046563 
106 932 0.00049953 
106 960 0.00063887 
107 883 0.00058298 
108 912 0.00053507 
108 931 0.00056344 
109 826 0.00048211 
109 920 0.00047756 
109 928 0.00053072 
110 861 0.00046667 
110 931 0.00052634 
110 941 0.00049303 
111 902 0.00049704 
111 915 0.00049635 
111 919 0.00054977 
111 940 0.00054966 
111 943 0.00066623 
112 858 0.00051833 
112 875 0.00053521 
112 907 0.00049523 
112 924 0.00053998 
113 810 0.00048406 
113 848 0.000552 
113 877 0.00046718 
113 937 0.00053324 
115 940 0.00056236 
115 957 0.00060041 
116 844 0.00049577 
116 860 0.00052639 
116 908 0.00054963 
116 910 0.00052341 
116 916 0.00049147 
118 879 0.00058676 
118 894 0.00047358 
118 909 0.00045482 
118 943 0.00056203 
118 944 0.00054726 
119 862 0.00050194 
119 872 0.00045088 
119 907 0.0004993 
119 910 0.00052241 
119 935 0.00049841 
120 595 0.00054069 
120 822 0.00050653 
120 874 0.0005973 
120 877 0.00058108 
120 907 0.00056231 
121 864 0.00049653 
121 891 0.00055227 
121 899 0.00049902 
121 903 0.00063142 
121 934 0.00048669 
122 834 0.0005179 
122 856 0.00053805 
122 870 0.00050537 
122 929 0.00048221 
124 856 0.0005491 
124 887 0.00047352 
124 908 0.00048826 
124 917 0.00055699 
124 952 0.00061254 
125 887 0.0004746 
126 895 0.00044572 
126 980 0.00056926 
127 926 0.00050388 
127 927 0.00054291 
128 853 0.00045323 
128 863 0.00051442 
128 893 0.00051411 
128 915 0.00051229 
128 960 0.00060649 
129 838 0.00050773 
129 850 0.00047657 
129 934 0.00048038 
130 858 0.00048887 
130 867 0.00055742 
130 873 0.00047476 
130 909 0.00049065 
132 872 0.00044096 
135 796 0.00059628 
135 819 0.00051542 
135 858 0.00047079 
135 892 0.00053788 
135 963 0.00058373 
136 820 0.00057152 
136 947 0.00053127 
137 858 0.00050213 
138 905 0.00055149 
139 841 0.00052554 
139 865 0.00053435 
139 949 0.00051147 
140 891 0.00049444 
144 863 0.00047098 
144 870 0.00050038 
144 892 0.00058393 
144 905 0.00050086 
144 942 0.00057527 
145 933 0.00048699 
146 854 0.00074828 
148 836 0.00047647 
148 902 0.00055218 
150 890 0.00046042 
150 895 0.00047546 
150 939 0.00057074 
150 958 0.00053705 
151 948 0.0005989 
153 882 0.00055843 
154 820 0.00045499 
154 850 0.00047504 
154 856 0.00051901 
154 914 0.00052282 
154 928 0.00053569 
155 874 0.00066379 
155 877 0.0004671 
157 831 0.00046499 
157 858 0.0004707 
157 882 0.00060712 
157 889 0.00061403 
157 930 0.00059869 
159 837 0.00048144 
159 860 0.00056129 
159 872 0.00043373 
159 908 0.00050492 
159 925 0.00050004 
160 640 0.00048325 
160 866 0.000505 
160 877 0.00055976 
160 897 0.00051971 
160 904 0.00043894 
161 837 0.00053036 
161 866 0.00047788 
161 868 0.00044327 
161 882 0.00058468 
161 908 0.00049478 
163 857 0.00053208 
165 616 0.00055561 
166 834 0.00051262 
166 854 0.00074892 
169 852 0.00044258 
171 873 0.0004926 
172 821 0.00052816 
172 949 0.00052122 
174 883 0.00053677 
177 900 0.00052618 
179 875 0.00052526 
181 922 0.00054757 
183 813 0.00047214 
183 870 0.00060886 
183 925 0.00053971 
184 941 0.00050595 
185 834 0.00051706 
185 841 0.00054198 
185 905 0.00050327 
185 930 0.00053656 
185 949 0.00051845 
186 802 0.0012813 
187 609 0.00050407 
187 845 0.00050195 
187 862 0.00048988 
187 937 0.00059455 
188 794 0.00054823 
188 825 0.00046691 
189 824 0.00049839 
189 853 0.00043022 
189 911 0.00051461 
190 911 0.00047047 
191 860 0.00059958 
191 898 0.00048515 
193 606 0.00049231 
193 913 0.00054264 
194 843 0.00046563 
194 864 0.00057339 
194 871 0.00054486 
194 898 0.00050025 
194 962 0.00062955 
195 832 0.00061055 
195 860 0.00055786 
195 862 0.00051035 
195 938 0.00054883 
195 945 0.00070798 
196 846 0.00046029 
196 906 0.00066559 
196 914 0.0005457 
196 926 0.000571 
196 944 0.00058992 
198 878 0.00045872 
199 824 0.00048434 
199 873 0.00070467 
202 866 0.00050759 
202 903 0.00056995 
203 920 0.00046085 
205 855 0.00068899 
205 914 0.00053452 
206 604 0.00053268 
208 650 0.00049995 
209 904 0.00042473 
210 596 0.00054662 
210 847 0.00049074 
210 862 0.00049618 
210 917 0.00056751 
210 918 0.00047519 
211 594 0.00074438 
211 596 0.00062715 
211 808 0.00065202 
211 921 0.00053063 
211 922 0.00079196 
212 856 0.00061472 
213 867 0.00050786 
215 842 0.00051456 
215 851 0.00050788 
216 887 0.0004727 
218 881 0.00048799 
218 888 0.00046546 
221 904 0.00044747 
225 895 0.00044682 
227 838 0.00050716 
227 894 0.0004686 
228 867 0.00049533 
228 969 0.00056368 
229 817 0.0007085 
229 837 0.0004978 
229 851 0.00049728 
229 920 0.00052833 
231 591 0.00065647 
231 823 0.00052905 
231 896 0.00049821 
231 912 0.00046961 
232 831 0.00048429 
232 894 0.00045935 
233 906 0.00050424 
233 937 0.00056842 
237 900 0.00053333 
239 817 0.000509 
239 873 0.00050978 
242 896 0.00051607 
243 818 0.00048174 
244 868 0.00045778 
244 899 0.00048262 
244 918 0.00046884 
248 941 0.00050787 
249 852 0.00041644 
249 886 0.00044818 
250 842 0.00051923 
250 849 0.00052184 
250 855 0.00072041 
252 803 0.00061436 
252 899 0.00048701 
253 811 0.00052947 
253 822 0.00058467 
253 835 0.00059758 
253 887 0.00055133 
253 931 0.0005099 
254 846 0.00048522 
255 864 0.00048638 
255 898 0.00053391 
257 880 0.00046312 
258 902 0.00047511 
259 803 0.00054611 
259 825 0.00050293 
259 875 0.00050562 
260 840 0.0004758 
260 861 0.00047 
260 868 0.00045139 
261 849 0.00049994 
262 888 0.00046019 
263 855 0.00061529 
264 816 0.00050105 
264 875 0.00049982 
266 850 0.00047418 
267 859 0.00058623 
269 848 0.00057721 
270 620 0.00051775 
270 655 0.00057545 
270 876 0.00049562 
270 893 0.00059537 
273 806 0.00053009 
277 846 0.00044871 
279 840 0.00045987 
279 855 0.00064595 
282 804 0.00047621 
282 823 0.00049648 
282 838 0.00051934 
282 845 0.00053142 
282 847 0.00046487 
286 619 0.00052192 
286 791 0.0005005 
286 793 0.00053025 
286 816 0.00051374 
286 833 0.00058555 
287 800 0.0005341 
288 811 0.00050554 
288 816 0.0005241 
288 827 0.00052663 
288 848 0.00052963 
290 624 0.00047554 
290 811 0.00050477 
292 821 0.00050352 
293 785 0.00057208 
293 788 0.0005246 
293 805 0.00052007 
293 829 0.00048888 
293 837 0.00056119 
295 654 0.00051856 
295 821 0.00049637 
295 832 0.00062866 
296 818 0.00049947 
296 833 0.00079668 
296 842 0.00052368 
296 848 0.00049355 
296 859 0.00052197 
297 829 0.00050212 
298 633 0.00052058 
298 649 0.000578 
298 807 0.0005223 
298 883 0.0006749 
298 900 0.00053271 
299 815 0.00053215 
299 836 0.00048598 
300 846 0.00045259 
300 876 0.00044481 
302 830 0.00050947 
303 801 0.00046607 
304 826 0.00049833 
307 784 0.00050238 
307 807 0.00044475 
307 828 0.000487 
308 657 0.00052006 
308 773 0.00056811 
308 778 0.00064188 
308 812 0.00058419 
308 830 0.00052234 
309 814 0.00052922 
310 863 0.00044749 
311 813 0.00048163 
311 821 0.0005197 
311 849 0.00050896 
312 660 0.00058535 
312 784 0.00057723 
312 854 0.00072148 
312 859 0.00053561 
313 779 0.00056436 
313 810 0.00050307 
313 830 0.00049549 
313 836 0.00047239 
315 803 0.00056761 
315 818 0.00045348 
315 820 0.00050287 
316 791 0.00052815 
316 809 0.00053188 
316 816 0.00051643 
317 783 0.00059913 
317 799 0.00052733 
317 802 0.00052198 
317 835 0.00056771 
317 869 0.00054848 
318 845 0.00047793 
319 795 0.00056599 
319 805 0.00057478 
319 822 0.0005723 
319 862 0.0004857 
320 659 0.00048838 
320 814 0.00049503 
320 817 0.00052189 
320 857 0.00047948 
320 861 0.00046927 
321 812 0.00062043 
321 819 0.00049535 
322 781 0.00052414 
324 813 0.0004665 
325 616 0.00059919 
325 652 0.0005315 
325 796 0.00060929 
325 814 0.00057769 
325 827 0.00057233 
327 624 0.00054984 
327 825 0.0004763 
328 774 0.00056933 
328 790 0.00059368 
329 658 0.00061563 
329 667 0.00061635 
329 789 0.00067634 
329 797 0.00059697 
329 800 0.00059266 
330 824 0.00048318 
331 788 0.00051422 
331 791 0.00059814 
331 831 0.00047867 
332 635 0.0006289 
332 770 0.00085742 
332 799 0.00053945 
332 817 0.00060344 
332 861 0.00048548 
333 656 0.00056688 
333 779 0.00071741 
333 814 0.00051315 
333 827 0.00050056 
333 840 0.00053184 
334 801 0.00050954 
334 818 0.00051115 
334 832 0.00056967 
335 666 0.00063092 
335 765 0.00073634 
335 775 0.00056595 
335 795 0.00056188 
335 797 0.00059681 
336 785 0.00056464 
337 669 0.00074443 
337 776 0.00057178 
337 782 0.00072333 
337 798 0.00058749 
337 837 0.00053306 
338 769 0.00098021 
338 773 0.00067696 
338 790 0.00065346 
338 806 0.00060742 
338 824 0.00059218 
339 620 0.00055947 
339 765 0.00062908 
339 769 0.00069692 
339 793 0.00054466 
339 827 0.00050685 
340 670 0.00056991 
340 759 0.00075642 
340 788 0.00058447 
341 675 0.00066925 
341 780 0.00061325 
341 787 0.00061524 
341 803 0.00062887 
341 813 0.00065987 
342 658 0.00062327 
342 751 0.00083679 
342 758 0.00079584 
342 762 0.00079852 
342 768 0.00059963 
343 795 0.00061541 
343 796 0.00055501 
343 800 0.0006032 
343 808 0.00050476 
344 768 0.00059882 
345 797 0.00056889 
345 801 0.00052054 
346 633 0.00049643 
346 776 0.00050882 
347 764 0.00066843 
348 747 0.00080633 
348 781 0.00055245 
349 660 0.00055199 
349 751 0.00085389 
349 770 0.00082809 
349 780 0.0006404 
349 792 0.00051262 
350 752 0.00082341 
350 756 0.00081636 
351 813 0.00049914 
352 749 0.00084563 
352 761 0.00070111 
352 793 0.00052634 
353 760 0.00067729 
353 786 0.00061104 
353 819 0.00048957 
355 755 0.00083178 
355 814 0.00048053 
356 664 0.00065345 
356 756 0.00080043 
356 761 0.00080323 
356 770 0.00083726 
356 820 0.00048878 
357 759 0.00075394 
358 743 0.0010122 
358 763 0.00065675 
358 767 0.00065796 
358 780 0.00059287 
358 789 0.00060438 
359 641 0.00057597 
359 760 0.00076565 
359 764 0.00074978 
359 778 0.00055941 
360 747 0.00082012 
360 802 0.00049545 
361 745 0.00097604 
361 746 0.00090078 
361 766 0.00063219 
361 784 0.00051086 
362 764 0.00068353 
362 783 0.00073445 
363 742 0.0010471 
363 753 0.0009536 
363 754 0.00083252 
363 798 0.00050229 
364 745 0.0010229 
364 752 0.00084576 
364 757 0.00098612 
364 760 0.00080181 
364 762 0.00081469 
365 744 0.0009475 
365 748 0.00088128 
365 753 0.00086167 
365 763 0.00069431 
366 733 0.0018623 
366 738 0.001331 
366 740 0.0016188 
366 741 0.0013498 
366 742 0.0012523 
367 736 0.00179 
367 737 0.0016281 
367 738 0.0013276 
367 743 0.0010976 
367 779 0.0005756 
368 732 0.001728 
368 733 0.0018524 
368 742 0.0010315 
368 743 0.0010886 
368 748 0.00088161 
369 740 0.0012145 
369 760 0.00068401 
369 765 0.00072174 
369 780 0.00057655 
370 733 0.0019988 
370 734 0.001756 
370 735 0.0017004 
370 738 0.0012527 
370 740 0.0014798 
371 728 0.0030072 
371 730 0.0024729 
371 732 0.0018197 
371 735 0.0019258 
371 739 0.0014763 
372 727 0.0038944 
372 729 0.0027681 
372 730 0.0024017 
372 731 0.0025624 
372 732 0.0021032 
373 726 0.0055808 
373 729 0.0032583 
373 730 0.0028903 
373 735 0.0023356 
373 736 0.0021342 
374 724 0.0064054 
374 725 0.00614 
374 726 0.0056519 
374 731 0.0030059 
374 767 0.0015207 
380 724 0.0068799 
380 725 0.0064959 
380 726 0.0062623 
380 727 0.0045676 
380 728 0.0037627 
381 724 0.0067552 
381 725 0.0069776 
381 726 0.0059912 
381 727 0.0052454 
381 729 0.0040841 
382 726 0.0054015 
382 727 0.0044103 
382 728 0.0035334 
382 729 0.0035489 
382 737 0.0018512 
383 728 0.0032164 
383 729 0.002716 
383 731 0.0023343 
383 732 0.0019294 
383 736 0.0016287 
384 733 0.0019041 
384 743 0.0011692 
384 770 0.00086132 
384 772 0.00069163 
384 774 0.00067001 
385 727 0.0039139 
385 731 0.0021906 
385 732 0.001821 
385 733 0.0021564 
385 735 0.0017111 
386 730 0.0021773 
386 731 0.0023806 
386 734 0.0019875 
386 735 0.0018381 
386 736 0.0015523 
387 734 0.0020143 
387 745 0.001116 
387 781 0.00054882 
387 782 0.0006139 
388 734 0.0021088 
388 767 0.00084777 
388 768 0.00080926 
388 771 0.00074355 
388 788 0.00065012 
389 734 0.001892 
389 741 0.0010901 
389 742 0.00096962 
389 767 0.00065621 
389 788 0.00050322 
390 741 0.001081 
390 742 0.00097954 
390 744 0.0010665 
390 746 0.0009213 
390 750 0.00088541 
391 740 0.0013898 
391 743 0.0011301 
391 744 0.0011504 
391 750 0.00097795 
391 794 0.00069868 
392 739 0.0012689 
392 745 0.00096807 
392 749 0.00084131 
392 757 0.00079993 
392 761 0.00075357 
393 736 0.0014652 
393 750 0.00088659 
393 754 0.0011053 
393 755 0.00092438 
393 768 0.00062476 
394 741 0.0012141 
394 746 0.0010305 
394 756 0.00078666 
394 758 0.00079189 
394 764 0.00070602 
395 748 0.00080922 
395 751 0.00092852 
395 761 0.00070102 
395 773 0.00053601 
395 792 0.00048734 
396 741 0.0011925 
396 747 0.00091018 
396 753 0.00094563 
396 763 0.00069445 
396 776 0.00059024 
397 744 0.0010134 
397 761 0.00069919 
397 763 0.00067102 
397 786 0.000646 
398 747 0.00082531 
399 756 0.00077576 
399 778 0.00078897 
399 787 0.00052437 
399 804 0.00052892 
399 830 0.0005014 
400 627 0.00065705 
400 762 0.00079548 
400 795 0.00058994 
400 797 0.00061411 
400 859 0.00054646 
401 751 0.00093148 
401 786 0.00069002 
401 795 0.00068574 
401 806 0.00061189 
401 815 0.00062596 
402 744 0.00098751 
402 779 0.00052971 
403 753 0.0010221 
403 766 0.00078941 
403 785 0.00058645 
403 798 0.00057841 
403 842 0.00058427 
405 782 0.00054742 
405 798 0.00051792 
406 796 0.00056297 
406 836 0.00046052 
406 879 0.00095109 
409 774 0.00058824 
409 801 0.00048271 
409 807 0.00050649 
411 622 0.00054662 
411 769 0.00066729 
411 777 0.00059481 
411 805 0.00052456 
411 830 0.00054081 
412 818 0.00046203 
412 823 0.00057049 
413 768 0.00057926 
413 834 0.00052444 
414 839 0.00057151 
415 670 0.00060223 
415 757 0.00082342 
415 765 0.00066958 
415 786 0.00059687 
415 828 0.00057988 
416 777 0.00055969 
416 787 0.00057134 
417 659 0.00046222 
417 790 0.00065157 
417 792 0.00063813 
418 634 0.00049954 
419 789 0.00057297 
419 829 0.00048748 
419 847 0.00046444 
420 608 0.00050245 
420 809 0.00051349 
420 811 0.00060665 
420 826 0.00055473 
420 832 0.0005441 
421 826 0.00049188 
422 645 0.00045227 
422 662 0.00055348 
422 785 0.00066083 
422 827 0.00049307 
423 637 0.000547 
423 825 0.00047169 
424 709 0.0018767 
424 825 0.00048336 
425 815 0.00053703 
425 828 0.00048013 
425 855 0.00074372 
427 779 0.00052885 
427 802 0.00050565 
427 810 0.00047576 
428 798 0.00057309 
429 658 0.00056206 
429 819 0.00059174 
430 618 0.00062707 
431 810 0.00048015 
432 835 0.00049351 
434 840 0.00045663 
435 808 0.00053787 
435 822 0.00049381 
435 865 0.0004935 
436 625 0.00062844 
436 645 0.00053095 
436 833 0.0006306 
436 844 0.00056587 
436 886 0.00055895 
437 832 0.0005635 
437 842 0.00051926 
438 636 0.00051009 
439 628 0.00071688 
439 794 0.00057999 
439 841 0.00050021 
443 646 0.00070329 
443 777 0.00062369 
443 821 0.00071722 
443 874 0.00060774 
443 879 0.00068704 
444 789 0.00063854 
444 835 0.00055394 
444 848 0.00052199 
444 870 0.0005621 
444 910 0.00053902 
445 839 0.00056036 
446 860 0.0005332 
447 805 0.00048253 
448 782 0.00055488 
450 812 0.0006808 
450 872 0.00044201 
451 819 0.00050977 
451 828 0.00048461 
452 850 0.0004726 
453 630 0.00047673 
453 780 0.00063295 
453 799 0.00047816 
454 626 0.000505 
460 886 0.00043248 
462 562 0.0071632 
462 851 0.00050758 
465 644 0.00054754 
465 800 0.00066079 
465 844 0.00045293 
466 807 0.00045212 
467 884 0.00045551 
468 787 0.00053922 
469 603 0.00051942 
469 823 0.00053349 
469 865 0.00061086 
469 881 0.00047956 
469 883 0.00054307 
471 867 0.00050945 
474 635 0.00050157 
474 885 0.00048599 
474 903 0.00057126 
476 854 0.00074583 
477 817 0.00057131 
477 849 0.00051292 
478 806 0.00054984 
478 809 0.00059946 
478 852 0.00042484 
478 903 0.00059231 
478 934 0.00048421 
479 857 0.00051151 
479 864 0.00047697 
480 838 0.00051065 
480 885 0.00049635 
480 889 0.0007397 
480 897 0.00052887 
480 926 0.00051837 
482 843 0.00047165 
482 880 0.00046895 
483 869 0.00050218 
486 881 0.00052314 
487 874 0.00052851 
487 878 0.00045173 
488 852 0.00041472 
489 807 0.00044793 
489 869 0.00049523 
490 815 0.00050472 
491 834 0.00054629 
491 840 0.00058204 
491 843 0.00057733 
491 882 0.0006361 
491 963 0.00061034 
493 606 0.00045726 
493 882 0.00064024 
494 850 0.00048595 
494 897 0.00049817 
495 812 0.00057387 
495 970 0.00054915 
496 624 0.00049613 
496 797 0.00056401 
496 836 0.00048118 
496 857 0.00059639 
496 899 0.00049192 
497 630 0.00056035 
497 847 0.0005512 
497 954 0.00051725 
498 897 0.0004969 
499 790 0.00054254 
499 829 0.00050308 
500 892 0.00052802 
501 828 0.00052079 
501 881 0.00048731 
502 874 0.0005282 
503 586 0.00058023 
503 610 0.00049132 
504 835 0.000518 
504 839 0.00057736 
504 846 0.00046143 
504 892 0.00054082 
506 611 0.00044687 
506 612 0.00050356 
506 614 0.00045781 
506 888 0.00054954 
507 613 0.00048879 
507 871 0.00051046 
507 873 0.00051418 
509 590 0.00054684 
509 595 0.00054705 
509 831 0.00048327 
511 585 0.00059821 
511 598 0.00046886 
511 878 0.00051237 
511 906 0.0004983 
511 946 0.00050649 
512 831 0.00047519 
512 845 0.00051583 
512 885 0.00048999 
512 891 0.00048742 
513 612 0.00051596 
513 839 0.00063216 
513 843 0.00055421 
513 844 0.00051075 
513 847 0.00051768 
514 590 0.0005695 
514 612 0.00051775 
514 617 0.00057089 
514 883 0.00056214 
514 909 0.00051553 
515 804 0.00050369 
515 833 0.0005984 
515 899 0.00050654 
515 900 0.00050894 
516 589 0.00055562 
516 614 0.00046068 
516 615 0.00054814 
516 617 0.00053464 
516 904 0.00046574 
517 627 0.00070005 
518 590 0.00052031 
518 859 0.00055682 
519 585 0.00067772 
519 589 0.00053341 
519 595 0.00056786 
520 584 0.00096662 
520 591 0.00085025 
520 604 0.00071716 
520 879 0.00074442 
520 897 0.00072983 
521 588 0.00070535 
521 823 0.00055923 
521 826 0.00057891 
521 866 0.00056967 
521 913 0.00061154 
522 589 0.00069944 
522 605 0.00051081 
522 625 0.00053774 
522 626 0.00050532 
523 585 0.00059171 
523 592 0.00049697 
523 607 0.00054886 
524 596 0.00055195 
524 876 0.00044813 
524 976 0.00055413 
525 614 0.00047193 
525 867 0.00050001 
525 936 0.00053188 
525 959 0.00053874 
525 964 0.00068246 
526 584 0.00068483 
526 886 0.00045056 
526 908 0.00049375 
527 584 0.0005901 
527 588 0.00063193 
528 577 0.00094471 
528 581 0.00084342 
528 585 0.00066324 
528 588 0.00070335 
528 958 0.00058859 
529 583 0.00061898 
529 587 0.00057206 
529 590 0.00054455 
529 612 0.00054629 
529 914 0.00053135 
530 580 0.0007107 
530 583 0.00059164 
530 588 0.00062554 
530 904 0.00043488 
530 906 0.00055807 
531 584 0.00068166 
531 587 0.00058154 
531 833 0.00057895 
531 843 0.00050134 
531 968 0.00066777 
532 578 0.00093577 
532 579 0.00085974 
532 611 0.00050513 
532 841 0.00050153 
532 969 0.00058715 
533 581 0.00079634 
533 582 0.00061662 
533 589 0.00058899 
533 601 0.00060123 
533 967 0.00061297 
534 577 0.0009078 
534 578 0.00098913 
534 580 0.00076069 
534 581 0.00075817 
534 585 0.00060239 
535 583 0.00063717 
535 587 0.00061691 
535 612 0.00052332 
535 901 0.00062496 
535 918 0.00055016 
536 577 0.0010527 
536 579 0.00094091 
536 586 0.00067442 
536 610 0.00061406 
536 983 0.00077407 
537 580 0.00081871 
537 581 0.00083769 
537 582 0.00072939 
537 583 0.00075379 
537 955 0.00070124 
538 579 0.00095286 
538 588 0.00065872 
538 961 0.00076358 
538 992 0.00091292 
538 993 0.00089009 
539 576 0.0010743 
539 579 0.00086777 
539 582 0.00070887 
539 583 0.00075027 
539 587 0.00072044 
540 574 0.0012512 
540 578 0.0010292 
540 581 0.00086147 
540 582 0.00070839 
540 584 0.00073492 
541 577 0.0014007 
541 578 0.001168 
541 582 0.00078967 
541 992 0.00099322 
541 997 0.0012455 
542 575 0.0012748 
542 576 0.0012173 
542 578 0.0011443 
542 580 0.00098218 
542 990 0.0009206 
543 574 0.0014558 
543 575 0.0014725 
543 576 0.0013148 
543 577 0.0013573 
543 579 0.0010825 
544 571 0.002264 
544 574 0.0015791 
544 575 0.0018354 
544 586 0.00095513 
544 995 0.00126 
545 568 0.0025314 
545 569 0.0029402 
545 572 0.0026039 
545 574 0.0018987 
545 576 0.0016276 
546 571 0.0028291 
546 572 0.0026299 
546 573 0.002423 
546 574 0.0019095 
546 999 0.0021513 
547 568 0.0029362 
547 570 0.003078 
547 571 0.0030888 
547 572 0.0028161 
547 573 0.0026009 
548 568 0.0033618 
548 569 0.0031748 
548 570 0.0034326 
548 571 0.0033255 
548 1001 0.0031144 
549 567 0.0044253 
549 570 0.0036391 
549 571 0.0032885 
549 572 0.0031968 
549 1001 0.0029772 
550 564 0.007065 
550 566 0.00615 
550 567 0.0051414 
550 569 0.0040584 
550 1000 0.0043798 
551 563 0.011669 
551 564 0.0082792 
551 565 0.010517 
551 566 0.0088059 
551 567 0.007726 
552 562 0.011089 
552 563 0.011527 
552 565 0.010939 
552 566 0.0086239 
552 567 0.0073504 
553 562 0.012595 
553 563 0.012091 
553 564 0.009476 
553 565 0.009734 
553 566 0.008733 
554 562 0.010513 
554 563 0.010635 
554 565 0.0080767 
554 1004 0.0077715 
554 1008 0.011079 
555 563 0.0083509 
555 772 0.002624 
555 1000 0.0042181 
555 1003 0.0045848 
555 1004 0.007904 
556 562 0.0094032 
556 772 0.0037019 
556 1002 0.0044241 
556 1003 0.004828 
556 1008 0.0095372 
557 564 0.0064407 
557 772 0.0037725 
557 1002 0.0043576 
557 1003 0.0051346 
557 1005 0.0078831 
589 1033 0.00058296 
590 1018 0.00057079 
591 1041 0.00075542 
591 1051 0.00072438 
591 1253 0.00065438 
592 1017 0.00059266 
592 1021 0.00057534 
592 1023 0.00055747 
592 1249 0.00057098 
593 1016 0.0006879 
593 1017 0.00069331 
593 1018 0.00061313 
593 1051 0.00059859 
593 1257 0.0017595 
594 1020 0.00075207 
594 1051 0.00061841 
594 1052 0.0007434 
594 1258 0.0013786 
595 1020 0.00059251 
595 1036 0.00070771 
596 1017 0.00074631 
596 1249 0.00054887 
597 1046 0.00056319 
597 1246 0.00057004 
597 1255 0.00059209 
598 1025 0.00053962 
598 1035 0.00061013 
598 1250 0.00049179 
598 1255 0.00050175 
599 1019 0.00057186 
599 1022 0.00055974 
599 1030 0.00058201 
599 1250 0.00054642 
600 1026 0.00055453 
600 1031 0.00054206 
600 1034 0.00052623 
600 1048 0.00050141 
600 1054 0.00050335 
601 1016 0.00056024 
601 1032 0.00068356 
601 1247 0.00049327 
601 1252 0.00054418 
602 1018 0.00051577 
602 1020 0.00058871 
602 1055 0.00050217 
602 1251 0.00054125 
602 1252 0.00052418 
603 1245 0.0005179 
603 1246 0.00055813 
603 1251 0.00053442 
603 1255 0.00052837 
604 1021 0.00056217 
604 1022 0.0006253 
604 1251 0.00053497 
605 1027 0.00051546 
605 1037 0.00051822 
606 1021 0.00047224 
606 1033 0.0005528 
606 1252 0.00052382 
607 1019 0.000632 
607 1027 0.00053808 
607 1033 0.00061347 
607 1253 0.00053412 
608 1016 0.00059473 
608 1026 0.00057473 
608 1027 0.0004682 
608 1250 0.00047658 
609 1025 0.00060041 
609 1029 0.00049453 
609 1237 0.00061349 
609 1253 0.00049077 
610 1034 0.00054737 
610 1059 0.00050847 
610 1206 0.00051661 
611 1036 0.00058194 
611 1052 0.00044982 
611 1199 0.00046527 
613 1031 0.00049198 
613 1036 0.00061394 
613 1225 0.00053292 
614 1024 0.0005199 
614 1057 0.00046799 
615 1019 0.00058616 
615 1026 0.00053961 
615 1029 0.00068865 
615 1094 0.00066187 
616 1024 0.00054855 
616 1033 0.00060647 
616 1094 0.0015765 
617 1032 0.00059536 
617 1042 0.00053159 
617 1214 0.00053684 
618 1038 0.00062356 
618 1039 0.00063906 
618 1050 0.00063745 
618 1212 0.00084159 
619 1017 0.00053842 
619 1026 0.00048842 
619 1030 0.00051495 
619 1033 0.00062038 
620 1023 0.000583 
620 1052 0.00051984 
620 1184 0.00051888 
621 1029 0.00055084 
621 1032 0.00057306 
621 1039 0.00049798 
621 1041 0.00050127 
621 1238 0.00051162 
622 1023 0.00056686 
622 1037 0.00065831 
622 1065 0.00056005 
622 1231 0.00056892 
623 1026 0.00055216 
623 1030 0.00052749 
623 1063 0.00056716 
623 1217 0.00057163 
623 1248 0.00051194 
624 1045 0.00050572 
624 1046 0.00057314 
625 1074 0.00057898 
625 1093 0.00053142 
625 1181 0.00054361 
626 1024 0.00049835 
626 1040 0.00060481 
626 1043 0.00049129 
627 1027 0.00072797 
627 1042 0.00068146 
627 1084 0.00067982 
628 1022 0.000739 
628 1031 0.00068306 
628 1059 0.00072859 
628 1071 0.00071634 
629 1031 0.00055333 
629 1045 0.00054705 
629 1065 0.00054124 
629 1076 0.00050334 
629 1216 0.00050864 
630 1023 0.00054494 
630 1034 0.00055897 
630 1042 0.00047399 
631 1044 0.00056521 
631 1052 0.0005373 
631 1073 0.00051526 
631 1074 0.0005067 
631 1102 0.00051095 
632 1017 0.00066552 
632 1039 0.00049106 
632 1040 0.00056982 
632 1047 0.00058446 
632 1071 0.00051351 
633 1037 0.00055896 
633 1063 0.00055082 
633 1171 0.00052415 
634 1045 0.00048683 
634 1070 0.00048618 
634 1071 0.00053847 
634 1231 0.00053955 
635 1069 0.00054222 
635 1073 0.00050798 
635 1236 0.00056011 
636 1034 0.0005294 
636 1059 0.00055326 
636 1083 0.00053181 
636 1172 0.00054911 
637 1066 0.00081861 
637 1180 0.00059019 
637 1209 0.00051904 
637 1238 0.00055994 
638 1044 0.00060425 
638 1064 0.00051756 
638 1078 0.00051911 
638 1190 0.00050862 
638 1256 0.00068213 
639 1073 0.00049632 
639 1074 0.00047644 
639 1104 0.00050138 
639 1166 0.00055538 
639 1193 0.00047048 
640 1041 0.00050091 
640 1062 0.00049311 
640 1086 0.00049608 
640 1168 0.00052849 
641 1032 0.00060579 
641 1040 0.00064138 
641 1045 0.00061628 
641 1142 0.00061363 
642 1041 0.00066578 
642 1047 0.00066629 
642 1219 0.00061898 
642 1233 0.00056867 
643 1020 0.00065776 
643 1024 0.00083556 
643 1035 0.00070215 
643 1040 0.00075254 
643 1062 0.00063503 
644 1022 0.00053154 
644 1025 0.00058311 
644 1043 0.00053978 
644 1074 0.00062086 
645 1054 0.00055623 
645 1061 0.00052371 
645 1085 0.00047146 
646 1019 0.00070049 
646 1069 0.00059254 
646 1171 0.00058405 
646 1238 0.000567 
647 1018 0.00058107 
647 1025 0.0007215 
647 1051 0.00060855 
647 1172 0.00061826 
647 1182 0.00057708 
648 1023 0.0006131 
648 1034 0.00052782 
648 1042 0.00064612 
648 1044 0.000552 
648 1046 0.00057589 
649 1028 0.00063064 
649 1066 0.00070021 
649 1070 0.00055107 
649 1164 0.00066093 
650 1050 0.0004806 
650 1060 0.00047104 
650 1086 0.00047736 
650 1168 0.00052389 
651 1056 0.00052304 
651 1064 0.00046561 
651 1074 0.00046653 
651 1080 0.00051534 
651 1164 0.00064703 
652 1019 0.000528 
652 1051 0.00049538 
652 1058 0.00051459 
652 1225 0.00059805 
653 1024 0.00055481 
653 1139 0.00055873 
653 1190 0.00055562 
653 1198 0.00054705 
653 1240 0.00056188 
654 1047 0.00059889 
654 1050 0.00059155 
654 1096 0.00054449 
654 1151 0.00059397 
655 1016 0.0006478 
655 1020 0.00062748 
655 1025 0.00065353 
655 1163 0.00065931 
656 1022 0.00056956 
656 1100 0.00057463 
656 1180 0.00056216 
656 1228 0.00051169 
657 1018 0.00057537 
657 1073 0.00051818 
657 1180 0.00056122 
657 1192 0.00052045 
658 1046 0.00056293 
658 1078 0.00054673 
659 1068 0.00047966 
659 1100 0.00059529 
659 1173 0.00055456 
660 1072 0.00059429 
660 1106 0.00057479 
660 1170 0.00051469 
661 1052 0.00055903 
661 1061 0.00059007 
661 1069 0.00056713 
661 1072 0.00058402 
661 1095 0.00050729 
662 1072 0.00056691 
662 1080 0.00058111 
662 1083 0.0005796 
662 1255 0.00063372 
663 1059 0.0006082 
663 1068 0.00058339 
663 1078 0.0005823 
663 1090 0.00060759 
663 1165 0.00070486 
664 1060 0.00065601 
664 1136 0.00063117 
664 1225 0.0006788 
664 1252 0.00066938 
665 1027 0.00066931 
665 1029 0.00059412 
665 1072 0.00065788 
665 1086 0.00059714 
665 1237 0.00058645 
666 1021 0.00063199 
666 1066 0.00078019 
666 1105 0.00071116 
666 1164 0.00074289 
667 1080 0.00054062 
667 1087 0.00056165 
667 1095 0.00058643 
667 1186 0.00061838 
668 1068 0.00056747 
668 1080 0.00056401 
668 1085 0.00062917 
668 1100 0.00059402 
668 1101 0.00056358 
669 1075 0.0006805 
669 1167 0.00069887 
669 1200 0.00068806 
670 1060 0.0006047 
670 1166 0.00065399 
670 1179 0.00057256 
671 1079 0.00061563 
671 1084 0.00068801 
671 1089 0.00065552 
671 1099 0.00065949 
671 1189 0.00060846 
672 1084 0.00069559 
672 1099 0.0007249 
672 1139 0.00064748 
672 1163 0.00071808 
672 1165 0.00070646 
673 1089 0.00084495 
673 1102 0.00071837 
673 1104 0.00081359 
673 1165 0.00075491 
673 1166 0.00083838 
674 1077 0.00069881 
674 1084 0.00070724 
674 1088 0.00075163 
674 1095 0.00078505 
674 1097 0.00065899 
675 1073 0.00062654 
675 1079 0.00062476 
675 1102 0.00067386 
675 1141 0.00064549 
676 1047 0.00070333 
676 1061 0.00065465 
676 1090 0.0006428 
676 1095 0.00064337 
676 1168 0.00065513 
677 1065 0.00079095 
677 1099 0.00077483 
677 1136 0.00071401 
677 1163 0.00074786 
677 1164 0.0010499 
678 1136 0.00088281 
678 1163 0.00077424 
678 1167 0.0007525 
678 1170 0.00081348 
678 1177 0.00076837 
679 1108 0.00084319 
679 1147 0.00077697 
679 1165 0.0007743 
679 1166 0.00083146 
679 1176 0.00079886 
680 1035 0.00083682 
680 1091 0.00072854 
680 1098 0.00069236 
680 1152 0.00089892 
680 1153 0.00078672 
681 1056 0.00069553 
681 1064 0.00072785 
681 1089 0.00076736 
681 1092 0.00070684 
681 1147 0.00076727 
682 1088 0.00068557 
682 1097 0.00069604 
682 1103 0.00070379 
682 1150 0.00085178 
682 1152 0.00081153 
683 1150 0.0012082 
683 1155 0.0012833 
683 1160 0.001204 
683 1161 0.00097209 
683 1166 0.00099238 
684 1150 0.0010274 
684 1153 0.0010211 
684 1154 0.0011189 
684 1161 0.0008784 
684 1163 0.00088741 
685 1096 0.00099293 
685 1152 0.0010763 
685 1153 0.0010729 
685 1162 0.0010686 
685 1165 0.0010292 
686 1142 0.00091653 
686 1149 0.0010103 
686 1159 0.0015373 
686 1162 0.0010105 
686 1251 0.00099501 
687 1150 0.0011354 
687 1151 0.00092078 
687 1152 0.00095257 
687 1157 0.0014718 
687 1161 0.00094086 
688 1153 0.0012653 
688 1154 0.0013857 
688 1158 0.0020693 
688 1159 0.0015607 
688 1160 0.0014438 
689 1154 0.001431 
689 1156 0.0019481 
689 1157 0.0022579 
689 1158 0.0024005 
689 1159 0.001924 
690 1155 0.0018467 
690 1156 0.0023249 
690 1157 0.0027724 
690 1158 0.0027234 
690 1159 0.0022779 
691 1155 0.0019068 
691 1156 0.0019183 
691 1157 0.0021096 
691 1158 0.0024403 
691 1159 0.0020246 
692 1155 0.0015844 
692 1157 0.001902 
692 1160 0.0016396 
692 1161 0.001418 
692 1162 0.0014993 
693 1155 0.001544 
693 1156 0.0016824 
693 1160 0.0015382 
693 1161 0.0012326 
693 1162 0.001341 
694 1144 0.0011667 
694 1146 0.0012631 
694 1154 0.0013296 
694 1156 0.0017451 
694 1160 0.0014415 
695 1147 0.001215 
695 1149 0.0013103 
695 1152 0.0014402 
695 1153 0.0014996 
695 1154 0.0015501 
696 1139 0.0012194 
696 1141 0.0012556 
696 1143 0.0011237 
696 1148 0.0012933 
696 1162 0.0011233 
697 1111 0.001263 
697 1112 0.0011831 
697 1140 0.001219 
697 1145 0.001077 
697 1148 0.0011756 
698 1105 0.0012794 
698 1138 0.0011679 
698 1140 0.0011586 
698 1143 0.0013023 
698 1149 0.0013549 
699 1105 0.0013921 
699 1137 0.0014674 
699 1144 0.0012936 
699 1145 0.0013447 
699 1148 0.0014779 
700 1112 0.001417 
700 1138 0.0014505 
700 1140 0.0014513 
700 1144 0.0012665 
700 1148 0.0013982 
701 1139 0.0012591 
701 1141 0.0014938 
701 1142 0.0013244 
701 1149 0.0015065 
701 1151 0.0013387 
702 1109 0.0013499 
702 1139 0.0013798 
702 1141 0.0013279 
702 1149 0.0013724 
702 1150 0.0016046 
703 1143 0.0016071 
703 1146 0.00156 
703 1147 0.0014974 
703 1148 0.0015554 
703 1151 0.0014896 
704 1109 0.0016334 
704 1110 0.0015558 
704 1132 0.0015854 
704 1138 0.0015657 
704 1143 0.001588 
705 1137 0.0014956 
705 1141 0.0015051 
705 1143 0.0015574 
705 1145 0.0015183 
705 1146 0.0015978 
706 1106 0.0016738 
706 1113 0.001918 
706 1137 0.0016576 
706 1146 0.0019595 
706 1158 0.0029934 
707 1112 0.0018602 
707 1113 0.0020667 
707 1116 0.0025125 
707 1142 0.0017369 
707 1146 0.0017729 
708 1110 0.0019395 
708 1129 0.0022242 
708 1133 0.0019157 
708 1137 0.0018139 
708 1140 0.0017972 
709 1112 0.0022067 
709 1113 0.0021187 
709 1114 0.0022611 
709 1115 0.0021666 
710 1113 0.0028006 
710 1115 0.0023253 
710 1132 0.0020754 
710 1133 0.0021036 
710 1135 0.0020657 
711 1109 0.0024397 
711 1111 0.0024752 
711 1113 0.0027499 
711 1114 0.0023649 
711 1132 0.0027054 
712 1112 0.0026159 
712 1115 0.0027417 
712 1117 0.003354 
712 1129 0.0026533 
712 1131 0.002263 
713 1115 0.0030382 
713 1116 0.0040364 
713 1128 0.0033557 
713 1129 0.0029556 
713 1130 0.0027196 
714 1114 0.0032097 
714 1116 0.0040449 
714 1117 0.0040901 
714 1118 0.0038555 
714 1128 0.0039536 
715 1116 0.0047447 
715 1117 0.0047046 
715 1118 0.0045374 
715 1127 0.0041613 
715 1132 0.0035657 
716 1117 0.0055708 
716 1118 0.0057851 
716 1127 0.0047392 
716 1128 0.0049387 
716 1129 0.0047446 
717 1116 0.0055483 
717 1117 0.0057784 
717 1118 0.006548 
717 1128 0.0057389 
717 1129 0.00531 
724 1127 0.0069225 
724 1128 0.0058364 
725 1118 0.005986 
725 1127 0.006341 
728 1127 0.0031167 
730 1111 0.0022856 
737 1103 0.0013782 
737 1115 0.0016468 
737 1138 0.0013828 
738 1103 0.0013023 
738 1111 0.0013521 
739 1111 0.0013496 
739 1132 0.0012626 
739 1133 0.0013487 
740 1114 0.0013005 
745 1110 0.0011741 
746 1096 0.0009207 
746 1109 0.0010186 
747 1104 0.00080028 
748 1099 0.00086459 
748 1109 0.00096958 
749 1100 0.00084288 
749 1108 0.00092412 
749 1142 0.0008538 
750 1096 0.00086122 
750 1099 0.00091916 
751 1106 0.00097025 
752 1104 0.00081075 
752 1108 0.0010066 
752 1137 0.00085295 
753 1089 0.0010028 
754 1094 0.00086577 
754 1105 0.00091979 
754 1108 0.00094575 
755 1094 0.00083795 
755 1103 0.00088496 
755 1164 0.0010171 
756 1088 0.0007765 
757 1093 0.00080089 
757 1100 0.00081211 
758 1098 0.00081444 
758 1106 0.00084882 
758 1110 0.00089065 
759 1087 0.0007393 
759 1094 0.00075511 
759 1140 0.00075834 
760 1092 0.00073726 
762 1069 0.00075566 
762 1105 0.00083209 
763 1091 0.00064589 
764 1107 0.00066724 
765 1084 0.00066308 
766 1095 0.00063507 
766 1108 0.00079097 
766 1192 0.00064546 
767 1172 0.00065578 
769 1093 0.00064614 
769 1102 0.00066992 
770 1085 0.00077903 
771 1107 0.00066868 
771 1130 0.0006479 
771 1131 0.0006074 
771 1133 0.00068961 
772 1110 0.00067806 
773 1065 0.00055348 
773 1147 0.00061307 
774 1078 0.00057474 
774 1133 0.0005974 
775 1079 0.00056623 
775 1090 0.00055187 
775 1104 0.00060252 
775 1193 0.00051746 
776 1047 0.00056391 
776 1114 0.00057209 
777 1037 0.00057628 
777 1176 0.00056744 
778 1192 0.0005797 
778 1206 0.00058342 
781 1106 0.0006651 
781 1168 0.00056063 
782 1091 0.00055387 
783 1066 0.00093285 
783 1088 0.00053801 
783 1231 0.00052588 
784 1064 0.00050883 
784 1091 0.00050956 
785 1103 0.00059292 
786 1071 0.00059968 
787 1035 0.00069547 
789 1061 0.00054586 
790 1087 0.00054779 
791 1081 0.00049544 
791 1172 0.00048563 
792 1093 0.00056312 
792 1102 0.00049619 
793 1093 0.00055187 
793 1151 0.00057551 
794 1082 0.00058102 
794 1085 0.00058197 
796 1066 0.00071433 
799 1044 0.00053277 
799 1065 0.00051757 
800 1080 0.00053983 
801 1071 0.00048567 
802 1077 0.00050932 
803 1036 0.00065944 
804 1248 0.00053137 
805 1201 0.00048266 
806 1089 0.00056507 
808 1072 0.00049627 
808 1177 0.00047459 
809 1064 0.00054052 
809 1180 0.00049828 
811 1085 0.00053931 
812 1037 0.00060498 
815 1068 0.00049689 
816 1256 0.00060904 
824 1244 0.0004809 
829 1044 0.00050812 
839 1030 0.00057867 
844 1030 0.00047962 
851 1040 0.0005615 
851 1231 0.00054589 
854 1225 0.00070928 
856 1244 0.00050674 
865 1256 0.00062809 
866 1192 0.00048492 
871 1251 0.00051952 
872 1208 0.00043588 
877 1029 0.00047455 
910 1246 0.00052435 
916 1016 0.00056876 
918 1035 0.00061731 
919 1252 0.00052098 
922 1032 0.0005637 
923 1256 0.00058778 
924 1257 0.0015499 
925 1254 0.00050421 
925 1255 0.00052559 
925 1257 0.0017074 
929 1256 0.00066175 
935 1225 0.00046966 
942 1249 0.00049475 
944 1036 0.00067178 
980 1183 0.00074662 
982 1258 0.0013028 
983 1258 0.0013861 
984 1257 0.0021032 
984 1258 0.0021081 
987 1258 0.0018515 
1003 1257 0.0033912 
