
Gurobi Optimizer version 7.5.1 build v7.5.1rc0 (linux64)
Copyright (c) 2017, Gurobi Optimization, Inc.

Read LP format model from file all.lp
Reading time = 2.02 seconds
obj: 1223 rows, 745531 columns, 1491062 nonzeros
Optimize a model with 1223 rows, 745531 columns and 1491062 nonzeros
Variable types: 0 continuous, 745531 integer (745531 binary)
Coefficient statistics:
  Matrix range     [1e+00, 1e+00]
  Objective range  [1e-05, 1e-01]
  Bounds range     [1e+00, 1e+00]
  RHS range        [6e+00, 6e+00]
Found heuristic solution: objective 105.82
Presolve time: 2.87s
Presolved: 1223 rows, 745531 columns, 1491062 nonzeros
Variable types: 0 continuous, 745531 integer (745531 binary)

Starting sifting (using dual simplex for sub-problems)...

    Iter     Pivots    Primal Obj      Dual Obj        Time
       0          0     infinity     -2.8381447e+02      4s
       1       1223   2.1550000e+11  -2.7284256e+02      4s
       2       3099   1.9483200e+11  -2.2373125e+02      4s
       3       4892   1.8374800e+11  -2.1702991e+02      4s
       4       6665   1.6961000e+11  -2.1198069e+02      4s
       5       8426   1.5400600e+11  -2.0887576e+02      4s
       6      10187   1.3688800e+11  -2.0733152e+02      4s
       7      11948   1.2002200e+11  -2.0787174e+02      4s
       8      13707   1.0209600e+11  -2.1010509e+02      4s
       9      15463   8.4282000e+10  -2.1433753e+02      4s
      10      17214   6.6100000e+10  -2.1985268e+02      4s
      11      18966   4.8762000e+10  -2.2384170e+02      4s
      12      20717   3.6268000e+10  -2.2857403e+02      5s
      13      22474   2.3324000e+10  -2.3355648e+02      5s
      14      24247   5.8420000e+09  -2.2704142e+02      5s
      15      28174  -7.9588251e+01  -2.2170961e+02      5s
      16      31192  -8.9057044e+01  -2.1275300e+02      5s
      17      34016  -9.2279753e+01  -2.0812775e+02      6s
      18      36832  -9.5479772e+01  -2.0060590e+02      6s
      19      39829  -1.0163771e+02  -1.8981015e+02      6s
      20      42720  -1.0617856e+02  -1.7490986e+02      6s
      21      45639  -1.0983761e+02  -1.5880948e+02      6s
      22      48442  -1.1364713e+02  -1.4701347e+02      6s
      23      51191  -1.1525022e+02  -1.3289861e+02      7s
      24      53905  -1.1572884e+02  -1.1958039e+02      7s

Sifting complete


Root simplex log...

Iteration    Objective       Primal Inf.    Dual Inf.      Time
   56143    1.1800969e+02   0.000000e+00   0.000000e+00      7s

Root relaxation: objective 1.180097e+02, 56143 iterations, 3.99 seconds

    Nodes    |    Current Node    |     Objective Bounds      |     Work
 Expl Unexpl |  Obj  Depth IntInf | Incumbent    BestBd   Gap | It/Node Time

     0     0  118.00969    0   69  105.82043  118.00969  11.5%     -    7s
H    0     0                     117.8410334  118.00969  0.14%     -    9s
H    0     0                     117.9650385  118.00969  0.04%     -   11s
H    0     0                     117.9997532  118.00969  0.01%     -   16s

Explored 1 nodes (56143 simplex iterations) in 16.94 seconds
Thread count was 16 (of 16 available processors)

Solution count 4: 118 117.965 117.841 105.82 

Optimal solution found (tolerance 1.00e-04)
Best objective 1.179997532100e+02, best bound 1.180096887000e+02, gap 0.0084%

Wrote result file 'all.sol'

% Gurobi computed a set of 3668 edges and weight 117.99975320999994
6 8 0.04748 
6 9 0.041008 
6 10 0.033838 
6 11 0.021042 
6 556 0.0095598 
6 557 0.010631 
7 9 0.058722 
7 10 0.042934 
7 11 0.023304 
7 12 0.020397 
7 16 0.014921 
7 1007 0.01281 
8 10 0.053781 
8 11 0.023526 
8 12 0.02275 
8 562 0.012994 
8 1008 0.016512 
9 11 0.032022 
9 12 0.028147 
9 13 0.030003 
9 14 0.024999 
10 12 0.041214 
10 13 0.037229 
10 14 0.031314 
11 13 0.040355 
11 15 0.028045 
12 14 0.041891 
12 15 0.033075 
13 15 0.043855 
13 16 0.032512 
13 17 0.025667 
14 16 0.04137 
14 17 0.031512 
14 18 0.023396 
15 17 0.043 
15 18 0.03242 
15 19 0.023635 
16 18 0.045734 
16 19 0.033809 
16 20 0.024303 
17 19 0.04562 
17 20 0.030455 
17 21 0.026042 
18 20 0.039388 
18 21 0.032859 
18 22 0.029552 
19 21 0.044606 
19 22 0.036578 
19 23 0.028649 
20 22 0.046373 
20 23 0.033274 
20 24 0.023617 
21 23 0.04182 
21 24 0.026495 
21 25 0.023492 
22 24 0.035167 
22 25 0.031216 
22 26 0.024216 
23 25 0.042717 
23 26 0.030891 
23 27 0.028272 
24 26 0.036082 
24 27 0.028878 
24 28 0.025172 
25 27 0.046938 
25 28 0.036309 
25 29 0.02719 
26 28 0.052202 
26 29 0.03497 
26 30 0.025498 
27 29 0.054773 
27 30 0.035623 
27 31 0.02428 
28 30 0.052421 
28 31 0.031636 
28 32 0.028217 
29 31 0.043571 
29 32 0.035754 
29 33 0.033919 
30 32 0.0501 
30 33 0.047497 
30 34 0.035108 
31 33 0.048612 
31 34 0.034888 
31 35 0.022661 
32 34 0.046099 
32 35 0.026013 
32 36 0.021624 
33 35 0.035243 
33 36 0.030417 
33 37 0.028055 
34 36 0.039555 
34 37 0.034596 
34 38 0.02697 
35 37 0.040853 
35 38 0.030425 
35 39 0.024098 
36 38 0.045499 
36 39 0.03298 
36 40 0.027116 
37 39 0.049629 
37 40 0.039525 
37 41 0.027559 
38 40 0.046219 
38 41 0.030226 
38 42 0.025819 
39 41 0.035506 
39 42 0.027426 
39 43 0.023225 
40 42 0.046445 
40 43 0.036981 
40 44 0.024062 
41 43 0.048364 
41 44 0.029191 
41 45 0.027903 
42 44 0.036718 
42 45 0.03407 
42 46 0.028171 
43 45 0.045364 
43 46 0.035609 
43 47 0.026374 
44 46 0.04052 
44 47 0.028342 
44 48 0.020794 
45 47 0.040578 
45 48 0.02965 
45 49 0.021784 
46 48 0.038492 
46 49 0.028777 
46 50 0.026679 
47 49 0.039609 
47 50 0.038807 
47 51 0.031008 
48 50 0.051144 
48 51 0.035819 
48 52 0.025167 
49 51 0.043548 
49 52 0.029439 
49 53 0.024569 
50 52 0.040615 
50 53 0.031063 
50 54 0.031944 
51 53 0.045677 
51 54 0.039107 
51 55 0.024814 
52 54 0.036417 
52 55 0.02415 
52 56 0.02056 
53 55 0.032257 
53 56 0.027505 
53 57 0.023028 
54 56 0.053846 
54 57 0.043675 
54 58 0.025916 
55 57 0.042486 
55 58 0.029793 
55 59 0.023865 
56 58 0.036694 
56 59 0.030201 
56 60 0.028725 
57 59 0.045639 
57 60 0.041921 
57 61 0.032169 
58 60 0.045785 
58 61 0.031508 
58 62 0.026041 
59 61 0.038362 
59 62 0.028629 
59 63 0.023423 
60 62 0.040457 
60 63 0.030144 
60 64 0.022131 
61 63 0.041452 
61 64 0.028776 
61 65 0.023221 
62 64 0.043875 
62 65 0.031824 
62 66 0.024979 
63 65 0.048814 
63 66 0.033617 
63 67 0.027809 
64 66 0.038442 
64 67 0.027909 
64 68 0.027646 
65 67 0.035366 
65 68 0.031833 
65 69 0.025065 
66 68 0.041907 
66 69 0.030384 
66 70 0.025052 
67 69 0.041126 
67 70 0.032705 
67 71 0.02854 
68 70 0.047319 
68 71 0.038298 
68 72 0.026273 
69 71 0.045822 
69 72 0.031459 
69 73 0.023227 
70 72 0.041593 
70 73 0.033015 
70 74 0.025483 
71 73 0.048011 
71 74 0.038848 
71 75 0.020167 
72 74 0.050867 
72 75 0.026188 
72 76 0.01954 
73 75 0.03354 
73 76 0.023862 
73 77 0.021671 
74 76 0.033582 
74 77 0.030945 
74 78 0.029491 
75 77 0.040051 
75 78 0.033023 
75 79 0.025885 
76 78 0.041409 
76 79 0.029699 
76 80 0.02371 
77 79 0.040371 
77 80 0.028207 
77 81 0.025659 
78 80 0.040451 
78 81 0.034269 
78 82 0.029597 
79 81 0.045261 
79 82 0.035818 
79 83 0.026031 
80 82 0.045571 
80 83 0.029214 
80 84 0.024326 
81 83 0.043518 
81 84 0.03319 
81 85 0.025966 
82 84 0.041631 
82 85 0.031099 
82 86 0.030939 
83 85 0.043753 
83 86 0.035971 
83 87 0.027192 
84 86 0.045613 
84 87 0.032805 
84 88 0.023727 
85 87 0.038492 
85 88 0.026544 
85 89 0.019792 
86 88 0.049536 
86 89 0.034153 
86 90 0.024923 
87 89 0.043239 
87 90 0.031431 
87 91 0.022974 
88 90 0.029569 
88 91 0.02474 
88 92 0.021856 
89 91 0.046585 
89 92 0.039341 
89 93 0.035327 
90 92 0.048118 
90 93 0.036193 
90 94 0.027493 
91 93 0.043149 
91 94 0.027887 
91 95 0.020559 
92 94 0.040997 
92 95 0.027051 
92 96 0.022021 
93 95 0.03551 
93 96 0.028914 
93 97 0.025521 
94 96 0.043031 
94 97 0.035668 
94 98 0.024241 
95 97 0.041995 
95 98 0.030196 
95 99 0.023995 
96 98 0.033945 
96 99 0.028569 
96 100 0.023794 
97 99 0.043237 
97 100 0.032592 
97 101 0.024948 
98 100 0.042133 
98 101 0.029663 
98 102 0.024197 
99 101 0.034169 
99 102 0.026086 
99 103 0.020956 
100 102 0.031773 
100 103 0.024999 
100 104 0.022024 
101 103 0.035538 
101 104 0.028355 
101 105 0.025529 
102 104 0.048068 
102 105 0.03557 
102 106 0.030152 
103 105 0.043284 
103 106 0.032727 
103 107 0.027082 
104 106 0.043691 
104 107 0.03165 
104 108 0.019975 
105 107 0.042164 
105 108 0.025136 
105 109 0.02021 
106 108 0.033757 
106 109 0.026996 
106 110 0.021164 
107 109 0.039875 
107 110 0.029256 
107 111 0.022141 
108 110 0.037623 
108 111 0.027288 
108 112 0.025984 
109 111 0.038323 
109 112 0.035336 
109 113 0.02977 
110 112 0.043784 
110 113 0.032665 
110 114 0.027511 
111 113 0.038128 
111 114 0.029544 
111 115 0.021102 
112 114 0.043971 
112 115 0.026865 
112 116 0.022615 
113 115 0.038057 
113 116 0.028323 
113 117 0.023118 
114 116 0.041613 
114 117 0.034685 
114 118 0.023678 
115 117 0.04187 
115 118 0.028945 
115 119 0.02071 
116 118 0.04319 
116 119 0.032092 
116 120 0.026476 
117 119 0.043488 
117 120 0.032433 
117 121 0.026286 
118 120 0.040478 
118 121 0.029396 
118 122 0.02113 
119 121 0.038348 
119 122 0.025893 
119 123 0.022514 
120 122 0.033292 
120 123 0.027604 
120 124 0.021708 
121 123 0.042014 
121 124 0.033215 
121 125 0.028172 
122 124 0.047406 
122 125 0.033788 
122 126 0.023281 
123 125 0.041586 
123 127 0.023097 
123 129 0.018703 
124 126 0.032523 
124 127 0.025341 
124 128 0.021776 
125 127 0.04575 
125 128 0.032327 
125 129 0.02997 
126 128 0.038612 
126 129 0.030826 
126 130 0.024137 
126 131 0.022758 
127 129 0.040663 
127 130 0.02758 
127 131 0.023891 
128 130 0.041415 
128 131 0.032719 
128 132 0.026618 
129 131 0.044406 
129 132 0.032585 
130 132 0.0391 
130 133 0.02849 
130 135 0.015724 
131 133 0.040766 
131 134 0.025674 
132 134 0.038171 
132 135 0.027904 
132 136 0.021298 
133 135 0.04442 
133 136 0.033258 
133 137 0.033843 
133 138 0.033883 
134 136 0.044851 
134 137 0.037987 
134 138 0.034264 
134 139 0.02669 
135 137 0.051481 
135 138 0.040492 
135 139 0.029578 
136 138 0.038076 
136 139 0.028071 
136 140 0.022489 
137 139 0.042008 
137 140 0.028839 
137 141 0.026855 
138 140 0.042073 
138 141 0.034445 
139 141 0.041288 
139 142 0.029764 
140 142 0.034746 
140 143 0.030175 
140 144 0.020191 
141 143 0.041481 
141 144 0.030268 
141 145 0.026067 
142 144 0.050441 
142 145 0.037863 
142 146 0.038663 
142 147 0.031856 
143 145 0.044883 
143 146 0.035151 
143 147 0.030315 
143 148 0.024887 
144 146 0.041732 
144 147 0.032056 
144 148 0.021734 
145 147 0.040085 
145 148 0.024526 
145 151 0.013938 
146 148 0.040542 
146 149 0.028588 
146 150 0.020993 
147 149 0.034823 
147 150 0.023619 
148 150 0.030614 
148 151 0.023864 
149 151 0.048161 
149 152 0.034943 
149 153 0.028441 
149 154 0.022928 
150 152 0.042858 
150 153 0.032388 
150 154 0.024342 
151 153 0.040715 
151 154 0.02839 
151 155 0.025554 
152 154 0.044257 
152 155 0.03142 
152 156 0.028703 
152 158 0.015016 
153 155 0.04468 
153 156 0.042924 
153 157 0.02929 
154 156 0.045581 
154 157 0.028874 
155 157 0.044466 
155 158 0.025519 
155 159 0.020072 
156 158 0.036406 
156 159 0.030481 
156 160 0.023428 
157 159 0.035814 
157 160 0.028954 
157 161 0.027688 
158 160 0.040845 
158 161 0.032674 
158 162 0.03062 
159 161 0.042063 
159 162 0.035951 
159 163 0.024973 
160 162 0.036644 
160 163 0.024612 
160 164 0.019483 
161 163 0.035149 
161 164 0.026267 
161 165 0.022086 
162 164 0.04469 
162 165 0.034738 
162 166 0.029587 
163 165 0.044798 
163 166 0.031406 
163 167 0.022632 
164 166 0.039862 
164 167 0.02703 
164 168 0.02269 
165 167 0.035758 
165 168 0.028594 
165 169 0.028045 
166 168 0.043121 
166 169 0.037649 
166 170 0.033323 
167 169 0.038998 
167 170 0.03158 
167 171 0.022999 
168 170 0.04538 
168 171 0.02907 
168 172 0.019333 
169 171 0.040177 
169 172 0.024521 
169 173 0.022984 
170 172 0.034029 
170 173 0.029128 
170 174 0.025675 
171 173 0.036538 
171 174 0.031635 
171 175 0.023089 
172 174 0.040085 
172 175 0.027153 
172 176 0.022535 
173 175 0.038006 
173 176 0.028884 
173 177 0.024264 
174 176 0.040109 
174 177 0.033617 
174 178 0.026794 
175 177 0.044169 
175 178 0.031871 
175 179 0.02634 
176 178 0.04342 
176 179 0.030854 
176 180 0.026892 
177 179 0.043673 
177 180 0.033674 
177 181 0.025739 
178 180 0.042167 
178 181 0.031565 
178 182 0.02331 
179 181 0.049727 
179 182 0.03434 
179 183 0.021573 
180 182 0.053278 
180 183 0.027463 
180 184 0.025014 
181 183 0.033302 
181 184 0.028476 
181 185 0.025542 
182 184 0.035057 
182 185 0.027898 
182 186 0.023592 
183 185 0.032541 
183 186 0.025323 
183 187 0.02205 
184 186 0.041613 
184 187 0.032983 
184 188 0.024749 
185 187 0.037078 
185 188 0.026864 
185 189 0.023586 
186 188 0.037343 
186 189 0.028387 
186 190 0.022712 
187 189 0.039201 
187 190 0.028391 
187 191 0.024001 
188 190 0.037691 
188 191 0.030117 
188 192 0.026787 
189 191 0.036361 
189 192 0.032274 
189 193 0.017068 
190 192 0.036391 
190 193 0.019513 
190 196 0.013722 
191 193 0.028152 
191 194 0.020472 
191 195 0.018178 
192 194 0.036085 
192 195 0.026795 
192 196 0.019832 
193 195 0.042176 
193 196 0.026677 
193 197 0.031651 
194 196 0.037207 
194 197 0.039039 
194 198 0.032146 
194 199 0.025078 
195 197 0.040114 
195 198 0.030125 
195 200 0.0184 
196 198 0.031255 
196 199 0.021583 
197 199 0.039516 
197 200 0.027766 
197 201 0.022275 
198 200 0.042339 
198 201 0.033778 
198 202 0.024848 
199 201 0.046676 
199 202 0.032514 
199 203 0.023804 
200 202 0.035294 
200 203 0.026515 
200 204 0.021795 
201 203 0.03827 
201 204 0.028124 
201 205 0.024002 
202 204 0.0397 
202 205 0.031272 
202 206 0.029532 
203 205 0.040317 
203 206 0.035331 
203 207 0.029738 
204 206 0.043612 
204 207 0.035322 
204 208 0.027231 
205 207 0.043898 
205 208 0.031715 
205 209 0.021856 
206 208 0.043856 
206 209 0.029504 
206 210 0.021331 
207 209 0.039418 
207 210 0.026853 
207 211 0.020148 
208 210 0.038066 
208 211 0.027874 
208 212 0.029912 
209 211 0.031417 
209 212 0.030778 
209 213 0.025987 
210 212 0.036776 
210 213 0.027401 
210 214 0.021651 
211 213 0.0452 
211 214 0.030624 
211 215 0.022232 
212 214 0.041718 
212 215 0.027655 
212 216 0.025219 
213 215 0.036797 
213 216 0.029977 
213 217 0.027716 
214 216 0.042153 
214 217 0.037111 
214 218 0.025095 
215 217 0.047621 
215 218 0.028829 
215 219 0.022069 
216 218 0.037159 
216 219 0.028329 
216 220 0.023549 
217 219 0.042778 
217 220 0.036212 
217 221 0.023216 
218 220 0.050486 
218 221 0.032942 
218 222 0.027008 
219 221 0.037857 
219 222 0.029702 
219 223 0.023644 
220 222 0.041219 
220 223 0.030618 
220 224 0.020982 
221 223 0.038789 
221 224 0.027587 
221 225 0.022549 
222 224 0.037369 
222 225 0.029875 
222 226 0.026 
223 225 0.03888 
223 226 0.031313 
223 227 0.024185 
224 226 0.036433 
224 227 0.026938 
224 228 0.019301 
225 227 0.033835 
225 228 0.024923 
225 229 0.021516 
226 228 0.040435 
226 229 0.030814 
226 230 0.026744 
227 229 0.041262 
227 230 0.031715 
227 231 0.023479 
228 230 0.038325 
228 231 0.025964 
228 232 0.020839 
229 231 0.034826 
229 232 0.027166 
229 233 0.020947 
230 232 0.03618 
230 233 0.026452 
230 234 0.026844 
231 233 0.033905 
231 234 0.032699 
231 235 0.025815 
232 234 0.041951 
232 235 0.028741 
232 236 0.022815 
233 235 0.035707 
233 236 0.02404 
233 237 0.020739 
234 236 0.040368 
234 237 0.032658 
234 238 0.024789 
235 237 0.039432 
235 238 0.029839 
235 239 0.025376 
236 238 0.040859 
236 239 0.031254 
236 240 0.026502 
237 239 0.041313 
237 240 0.03113 
237 241 0.021689 
238 240 0.038366 
238 241 0.026148 
238 242 0.022951 
239 241 0.036384 
239 242 0.027068 
239 243 0.021611 
240 242 0.039589 
240 243 0.029483 
240 244 0.024659 
241 243 0.039637 
241 244 0.032103 
241 245 0.027191 
242 244 0.04214 
242 245 0.029564 
242 246 0.021598 
243 245 0.032954 
243 246 0.02416 
243 247 0.018111 
244 246 0.028021 
244 247 0.020457 
244 248 0.018445 
245 247 0.042788 
245 248 0.036485 
245 249 0.028283 
246 248 0.044467 
246 249 0.034761 
246 250 0.031074 
247 249 0.041582 
247 250 0.032383 
247 251 0.026662 
248 250 0.042888 
248 251 0.030548 
248 252 0.020623 
249 251 0.038426 
249 252 0.025243 
249 253 0.020079 
250 252 0.031368 
250 253 0.027603 
250 254 0.027972 
251 253 0.035493 
251 254 0.037683 
251 255 0.028331 
252 254 0.04302 
252 255 0.02897 
252 256 0.021128 
253 255 0.035427 
253 256 0.023894 
253 257 0.019199 
254 256 0.035386 
254 257 0.024902 
254 258 0.018378 
255 257 0.041082 
255 258 0.026827 
255 259 0.021091 
256 258 0.036481 
256 259 0.025913 
256 260 0.023329 
257 259 0.034303 
257 260 0.028025 
257 261 0.024573 
258 260 0.03679 
258 261 0.027206 
258 262 0.025235 
259 261 0.037841 
259 262 0.029159 
259 263 0.022496 
260 262 0.039593 
260 263 0.026105 
260 264 0.021315 
261 263 0.036746 
261 264 0.025546 
261 265 0.022066 
262 264 0.036585 
262 265 0.027481 
262 266 0.025434 
263 265 0.041129 
263 266 0.033512 
263 267 0.022487 
264 266 0.04708 
264 267 0.028506 
264 268 0.020799 
265 267 0.037384 
265 268 0.024853 
265 269 0.018446 
266 268 0.035887 
266 269 0.025289 
266 270 0.021278 
267 269 0.033216 
267 270 0.027844 
267 271 0.023437 
268 270 0.042017 
268 271 0.030694 
268 272 0.028758 
269 271 0.037846 
269 272 0.028996 
269 273 0.023818 
270 272 0.035144 
270 273 0.02728 
270 274 0.023635 
271 273 0.041144 
271 274 0.032321 
271 275 0.021016 
272 274 0.047422 
272 275 0.026085 
272 276 0.019799 
273 275 0.037261 
273 276 0.027006 
273 277 0.023784 
274 276 0.042821 
274 277 0.034738 
274 278 0.034455 
275 277 0.04218 
275 278 0.03194 
275 279 0.027014 
276 278 0.044302 
276 279 0.030905 
276 280 0.020952 
277 279 0.044762 
277 280 0.027247 
277 281 0.020707 
278 280 0.038773 
278 281 0.028625 
278 282 0.021609 
279 281 0.035234 
279 282 0.024752 
279 283 0.020727 
280 282 0.036196 
280 283 0.027998 
280 284 0.022986 
281 283 0.04514 
281 284 0.032991 
281 285 0.022542 
282 284 0.041754 
282 285 0.029189 
282 286 0.022571 
283 285 0.04009 
283 286 0.026876 
283 287 0.024323 
284 286 0.039104 
284 287 0.030388 
284 288 0.020558 
285 287 0.037212 
285 288 0.023419 
285 289 0.022974 
286 288 0.03095 
286 289 0.02573 
286 290 0.024284 
287 289 0.040298 
287 290 0.032326 
287 291 0.027528 
288 290 0.035011 
288 291 0.027987 
288 292 0.018574 
289 291 0.042688 
289 292 0.02442 
289 293 0.020381 
290 292 0.036044 
290 293 0.025176 
290 294 0.023932 
291 293 0.035987 
291 294 0.026869 
291 295 0.027424 
292 294 0.028985 
292 295 0.028516 
292 296 0.026236 
293 295 0.022641 
293 296 0.029563 
293 297 0.020605 
294 296 0.025172 
294 297 0.026082 
294 298 0.021108 
295 297 0.028141 
295 298 0.022726 
295 299 0.021532 
296 298 0.031659 
296 299 0.032253 
296 300 0.023395 
297 299 0.037819 
297 300 0.025953 
297 301 0.020652 
298 300 0.03229 
298 301 0.023798 
298 302 0.023705 
299 301 0.031337 
299 302 0.031097 
299 303 0.020466 
300 302 0.038205 
300 303 0.025254 
300 304 0.018884 
301 303 0.03317 
301 304 0.023764 
301 305 0.020216 
302 304 0.036052 
302 305 0.037111 
302 306 0.020745 
303 305 0.045796 
303 306 0.025086 
303 307 0.021822 
304 306 0.030828 
304 307 0.025433 
304 308 0.019465 
305 307 0.044907 
305 308 0.026702 
305 309 0.025653 
306 308 0.037318 
306 309 0.029746 
306 310 0.023185 
307 309 0.039087 
307 310 0.028418 
307 311 0.020956 
308 310 0.032723 
308 311 0.024645 
308 312 0.021105 
309 311 0.034258 
309 312 0.029221 
309 313 0.025274 
310 312 0.042774 
310 313 0.03115 
310 314 0.026596 
311 313 0.03829 
311 314 0.02901 
311 315 0.021443 
312 314 0.043342 
312 315 0.026753 
312 316 0.020814 
313 315 0.033961 
313 316 0.02633 
313 317 0.01932 
314 316 0.033743 
314 317 0.026642 
314 318 0.022144 
315 317 0.040112 
315 318 0.029336 
315 319 0.019917 
316 318 0.037123 
316 319 0.02545 
316 320 0.021493 
317 319 0.035791 
317 320 0.02724 
317 321 0.023415 
318 320 0.041794 
318 321 0.031983 
318 322 0.027193 
319 321 0.041664 
319 322 0.028298 
319 323 0.020011 
320 322 0.040194 
320 323 0.025326 
320 324 0.01787 
321 323 0.036477 
321 324 0.025233 
321 325 0.019912 
322 324 0.037372 
322 325 0.026976 
322 326 0.029699 
323 325 0.033706 
323 326 0.02973 
323 327 0.022053 
324 326 0.040153 
324 327 0.028085 
324 328 0.022192 
325 327 0.034038 
325 328 0.027313 
325 329 0.022858 
326 328 0.040893 
326 329 0.0311 
326 330 0.02284 
327 329 0.042191 
327 330 0.027879 
327 331 0.019688 
328 330 0.035897 
328 331 0.024239 
328 332 0.024284 
329 331 0.029086 
329 332 0.025958 
329 333 0.02152 
330 332 0.037692 
330 333 0.022818 
330 334 0.020735 
331 333 0.025747 
331 334 0.023805 
331 335 0.021257 
332 334 0.030267 
332 335 0.027259 
332 336 0.02016 
333 335 0.047536 
333 336 0.029084 
333 337 0.020319 
334 336 0.036162 
334 337 0.021426 
334 338 0.016284 
335 337 0.025891 
335 338 0.020103 
335 339 0.020644 
336 338 0.032225 
336 339 0.034992 
336 340 0.030482 
337 339 0.042593 
337 340 0.033828 
337 341 0.023521 
338 340 0.039274 
338 341 0.026534 
338 342 0.019633 
339 341 0.039787 
339 342 0.02831 
339 343 0.024719 
340 342 0.036849 
340 343 0.029395 
340 344 0.021727 
341 343 0.033155 
341 344 0.024182 
341 345 0.0183 
342 344 0.037797 
342 345 0.026129 
342 346 0.021361 
343 345 0.03646 
343 346 0.02909 
343 347 0.024418 
344 346 0.040687 
344 347 0.029639 
344 348 0.021759 
345 347 0.041639 
345 348 0.028286 
345 349 0.022587 
346 348 0.039346 
346 349 0.029319 
346 350 0.025323 
347 349 0.044194 
347 350 0.035538 
347 351 0.027026 
348 350 0.042862 
348 351 0.029717 
348 352 0.022736 
349 351 0.039554 
349 352 0.029632 
349 353 0.024341 
350 352 0.036791 
350 353 0.029259 
350 354 0.022886 
351 353 0.046145 
351 354 0.036323 
351 355 0.027351 
352 354 0.046903 
352 355 0.034522 
352 356 0.023586 
353 355 0.044308 
353 356 0.028821 
353 357 0.025454 
354 356 0.042702 
354 357 0.036717 
354 358 0.020552 
355 357 0.044069 
355 358 0.024139 
355 359 0.026773 
356 358 0.030664 
356 359 0.02917 
356 360 0.026768 
357 359 0.04994 
357 360 0.036495 
357 361 0.028514 
358 360 0.031301 
358 361 0.023374 
358 362 0.018846 
359 361 0.040797 
359 362 0.027549 
359 363 0.022764 
360 362 0.039736 
360 363 0.02822 
360 364 0.021701 
361 363 0.041512 
361 364 0.028685 
361 365 0.02584 
362 364 0.043714 
362 365 0.033522 
362 366 0.026891 
363 365 0.046708 
363 366 0.031497 
363 367 0.023967 
364 366 0.033793 
364 367 0.027942 
364 371 0.013808 
365 367 0.038767 
365 368 0.027589 
365 372 0.014967 
366 368 0.044226 
366 369 0.03184 
366 370 0.026815 
367 369 0.036849 
367 370 0.031014 
367 371 0.028226 
368 370 0.050916 
368 371 0.037935 
368 372 0.030658 
368 373 0.028262 
369 371 0.051737 
369 372 0.036725 
369 373 0.033542 
369 374 0.025026 
370 372 0.047914 
370 373 0.04164 
370 374 0.030698 
371 373 0.051412 
371 374 0.039187 
372 374 0.063507 
372 380 0.017123 
373 380 0.022373 
373 381 0.019349 
374 380 0.028615 
374 381 0.022338 
380 382 0.079943 
380 383 0.065112 
380 384 0.062475 
381 383 0.065673 
381 384 0.056778 
381 385 0.036478 
381 386 0.024355 
382 384 0.069315 
382 385 0.039256 
382 386 0.030327 
382 387 0.026472 
382 388 0.023262 
383 385 0.051072 
383 386 0.037107 
383 387 0.033177 
383 388 0.030104 
384 386 0.049362 
384 387 0.049852 
384 388 0.045739 
385 387 0.055557 
385 388 0.046338 
385 389 0.033253 
386 388 0.061138 
386 389 0.036724 
387 389 0.047115 
387 390 0.027291 
388 390 0.03555 
389 391 0.037396 
389 392 0.024603 
389 393 0.020727 
390 392 0.041279 
390 393 0.030222 
390 394 0.025424 
390 395 0.022671 
391 393 0.039672 
391 394 0.029579 
391 395 0.025247 
391 396 0.021898 
391 399 0.01359 
392 394 0.044739 
392 395 0.032906 
392 396 0.027015 
392 398 0.025768 
393 395 0.044471 
393 396 0.032265 
393 397 0.032259 
394 396 0.038391 
394 397 0.035245 
394 400 0.01336 
395 397 0.045518 
395 398 0.03556 
396 398 0.040392 
396 399 0.023465 
397 399 0.033282 
397 400 0.024567 
397 401 0.022912 
398 400 0.040217 
398 401 0.041114 
398 402 0.023993 
399 401 0.036771 
399 402 0.025447 
399 403 0.024102 
400 402 0.039899 
400 403 0.039148 
400 404 0.034845 
401 403 0.043624 
401 404 0.03904 
401 405 0.023424 
402 404 0.041025 
402 405 0.026565 
402 406 0.020463 
403 405 0.041243 
403 406 0.028532 
403 407 0.024296 
404 406 0.046925 
404 407 0.035726 
404 408 0.028808 
405 407 0.042807 
405 408 0.030881 
405 409 0.023435 
406 408 0.043013 
406 409 0.028023 
406 410 0.023705 
407 409 0.043225 
407 410 0.032146 
407 411 0.02596 
408 410 0.042378 
408 411 0.030945 
408 412 0.028675 
409 411 0.034299 
409 412 0.029252 
409 413 0.022649 
410 412 0.038206 
410 413 0.028179 
410 414 0.022084 
411 413 0.043368 
411 414 0.028836 
411 415 0.018807 
412 414 0.040286 
412 415 0.025745 
412 416 0.023394 
413 415 0.034866 
413 416 0.032553 
413 417 0.029287 
414 416 0.040122 
414 417 0.033615 
414 418 0.028053 
415 417 0.03565 
415 418 0.027733 
415 419 0.020121 
416 418 0.039005 
416 419 0.026341 
416 420 0.022786 
417 419 0.037517 
417 420 0.031396 
417 421 0.03023 
418 420 0.045572 
418 421 0.037911 
418 422 0.021952 
419 421 0.042842 
419 422 0.023152 
419 423 0.021775 
420 422 0.030107 
420 423 0.026196 
420 424 0.021463 
421 423 0.041489 
421 424 0.028936 
421 425 0.020202 
422 424 0.038055 
422 425 0.025242 
422 426 0.020123 
423 425 0.032125 
423 426 0.026594 
423 427 0.024863 
424 426 0.03499 
424 427 0.031462 
424 428 0.026847 
425 427 0.045776 
425 428 0.031384 
425 429 0.023096 
426 428 0.03552 
426 429 0.025592 
426 430 0.020286 
427 429 0.035076 
427 430 0.025081 
427 431 0.024183 
428 430 0.039847 
428 431 0.034864 
428 432 0.029016 
429 431 0.04233 
429 432 0.031316 
429 433 0.022135 
430 432 0.036528 
430 433 0.026368 
430 434 0.021596 
431 433 0.03711 
431 434 0.02924 
431 435 0.020964 
432 434 0.045943 
432 435 0.029812 
432 436 0.022197 
433 435 0.036486 
433 436 0.027121 
433 437 0.02481 
434 436 0.039303 
434 437 0.033968 
434 438 0.031643 
435 437 0.042848 
435 438 0.036814 
435 439 0.030316 
436 438 0.04177 
436 439 0.029668 
436 440 0.023865 
437 439 0.042686 
437 440 0.028785 
437 441 0.022866 
438 440 0.044947 
438 441 0.031317 
438 442 0.025277 
439 441 0.044676 
439 442 0.035889 
439 443 0.035413 
440 442 0.052193 
440 443 0.045932 
440 444 0.020405 
441 443 0.054158 
441 444 0.025671 
441 445 0.024092 
442 444 0.034643 
442 445 0.037969 
442 446 0.022772 
443 445 0.057076 
443 446 0.029947 
443 447 0.024238 
444 446 0.03454 
444 447 0.025907 
444 448 0.021448 
445 447 0.037489 
445 448 0.028621 
445 449 0.025608 
446 448 0.037641 
446 449 0.027811 
446 450 0.020165 
447 449 0.04253 
447 450 0.027668 
447 451 0.019514 
448 450 0.036202 
448 451 0.025741 
448 452 0.020602 
449 451 0.041162 
449 452 0.029855 
449 453 0.026644 
450 452 0.037065 
450 453 0.032925 
450 454 0.02401 
451 453 0.047773 
451 454 0.032493 
451 455 0.028025 
452 454 0.038713 
452 455 0.03037 
452 456 0.025734 
453 455 0.035732 
453 456 0.029149 
453 457 0.023315 
454 456 0.042031 
454 457 0.031376 
454 458 0.024138 
455 457 0.03911 
455 458 0.028654 
455 459 0.023881 
456 458 0.036788 
456 459 0.028979 
456 460 0.023005 
457 459 0.04351 
457 460 0.031723 
457 461 0.023125 
458 460 0.044309 
458 461 0.032822 
458 462 0.028429 
459 461 0.042364 
459 462 0.033932 
459 463 0.030748 
460 462 0.04462 
460 463 0.035202 
460 464 0.022901 
461 463 0.041758 
461 464 0.027777 
461 465 0.019941 
462 464 0.039307 
462 465 0.027655 
462 466 0.023608 
463 465 0.043579 
463 466 0.037692 
463 467 0.034105 
464 466 0.043368 
464 467 0.034867 
464 468 0.023321 
465 467 0.043333 
465 468 0.027167 
465 469 0.022762 
466 468 0.036715 
466 469 0.029076 
466 470 0.024803 
467 469 0.038315 
467 470 0.030338 
467 471 0.024775 
468 470 0.048237 
468 471 0.033064 
468 472 0.025825 
469 471 0.045061 
469 472 0.031158 
469 473 0.019145 
470 472 0.035499 
470 473 0.022061 
470 474 0.019478 
471 473 0.03471 
471 474 0.027038 
471 475 0.023735 
472 474 0.037395 
472 475 0.03059 
472 476 0.023548 
473 475 0.054293 
473 476 0.038983 
473 477 0.028057 
474 476 0.050351 
474 477 0.031037 
474 478 0.020879 
475 477 0.041061 
475 478 0.026716 
475 479 0.023876 
476 478 0.036064 
476 479 0.028588 
476 480 0.023514 
477 479 0.040396 
477 480 0.031167 
477 481 0.030147 
478 480 0.043166 
478 481 0.037539 
478 482 0.02788 
479 481 0.039813 
479 482 0.029292 
479 483 0.022475 
480 482 0.035221 
480 483 0.028447 
480 484 0.021806 
481 483 0.043937 
481 484 0.036021 
481 485 0.025831 
482 484 0.054716 
482 485 0.036518 
482 486 0.025811 
483 485 0.041899 
483 486 0.030395 
483 487 0.022908 
484 486 0.045656 
484 487 0.030734 
484 488 0.026453 
485 487 0.043599 
485 488 0.033377 
485 489 0.025873 
486 488 0.042063 
486 489 0.02759 
486 490 0.030949 
487 489 0.034087 
487 490 0.031273 
487 491 0.022205 
488 490 0.041907 
488 491 0.026376 
488 492 0.018784 
489 491 0.042391 
489 492 0.027184 
489 493 0.018093 
490 492 0.046148 
490 493 0.026363 
490 494 0.020904 
491 493 0.028169 
491 494 0.023874 
491 495 0.021873 
492 494 0.039135 
492 495 0.031604 
492 496 0.024519 
493 495 0.043293 
493 496 0.030441 
493 497 0.023314 
494 496 0.038727 
494 497 0.028098 
494 498 0.025073 
495 497 0.039739 
495 498 0.031505 
495 499 0.024159 
496 498 0.038419 
496 499 0.027173 
496 500 0.023538 
497 499 0.034372 
497 500 0.029615 
497 501 0.026042 
498 500 0.040778 
498 501 0.035104 
498 502 0.027096 
499 501 0.045574 
499 502 0.031953 
499 503 0.025517 
500 502 0.043583 
500 503 0.02871 
500 504 0.02481 
501 503 0.036332 
501 504 0.029814 
501 505 0.023221 
502 504 0.040017 
502 505 0.031251 
502 506 0.021415 
503 505 0.040301 
503 506 0.032526 
503 507 0.030803 
504 506 0.042452 
504 507 0.038025 
504 508 0.033054 
505 507 0.041776 
505 508 0.035149 
505 509 0.027485 
506 508 0.0429 
506 509 0.032168 
506 510 0.021629 
507 509 0.041526 
507 510 0.027932 
507 511 0.020468 
508 510 0.039342 
508 511 0.026032 
508 512 0.020099 
509 511 0.032717 
509 512 0.025434 
509 513 0.018886 
510 512 0.041863 
510 513 0.026423 
510 514 0.021735 
511 513 0.038312 
511 514 0.029495 
511 515 0.026012 
512 514 0.038139 
512 515 0.03203 
512 516 0.029574 
513 515 0.038149 
513 516 0.031673 
513 517 0.025126 
514 516 0.036004 
514 517 0.025957 
514 518 0.01867 
515 517 0.035276 
515 518 0.024444 
515 519 0.01796 
516 518 0.033893 
516 519 0.023818 
516 520 0.019496 
517 519 0.038994 
517 520 0.030784 
517 521 0.027125 
518 520 0.042628 
518 521 0.030294 
518 522 0.028945 
519 521 0.03759 
519 522 0.033822 
519 523 0.023908 
520 522 0.036889 
520 523 0.023125 
520 524 0.019134 
521 523 0.032208 
521 524 0.023123 
521 525 0.020312 
522 524 0.035515 
522 525 0.029066 
522 526 0.027384 
523 525 0.04873 
523 526 0.038152 
523 527 0.025803 
524 526 0.045129 
524 527 0.03403 
524 528 0.023851 
525 527 0.043548 
525 528 0.0298 
525 529 0.025713 
526 528 0.043918 
526 529 0.034632 
526 530 0.026357 
527 529 0.054302 
527 530 0.039586 
527 531 0.028594 
528 530 0.067648 
528 531 0.044331 
528 532 0.030457 
529 531 0.044742 
529 532 0.031413 
529 533 0.023907 
530 532 0.03952 
530 533 0.031107 
530 534 0.024856 
531 533 0.037626 
531 534 0.025996 
531 535 0.020395 
532 534 0.032977 
532 535 0.02538 
532 536 0.022465 
533 535 0.036812 
533 536 0.030333 
533 537 0.024098 
534 536 0.053253 
534 537 0.034989 
534 538 0.02898 
535 537 0.044801 
535 538 0.03301 
535 539 0.030772 
536 538 0.042267 
536 539 0.036141 
536 540 0.027078 
537 539 0.050568 
537 540 0.030313 
537 541 0.024871 
538 540 0.040568 
538 541 0.032654 
538 542 0.025062 
539 541 0.043432 
539 542 0.031039 
539 543 0.024026 
540 542 0.043413 
540 543 0.031736 
540 544 0.025722 
541 543 0.045363 
541 544 0.03246 
541 545 0.023603 
542 544 0.036807 
542 545 0.025952 
542 546 0.023796 
543 545 0.031963 
543 546 0.029072 
543 547 0.025373 
544 546 0.045364 
544 547 0.029695 
544 548 0.026687 
545 547 0.040018 
545 548 0.030007 
545 549 0.028071 
546 548 0.036299 
546 549 0.031008 
546 554 0.01702 
547 549 0.035993 
547 550 0.030812 
547 555 0.017369 
548 550 0.036921 
548 551 0.030448 
548 556 0.017632 
549 551 0.037943 
549 552 0.029208 
549 553 0.028501 
550 552 0.040542 
550 553 0.036543 
550 554 0.032458 
550 555 0.028127 
551 553 0.054183 
551 554 0.046613 
551 555 0.037829 
551 556 0.033823 
552 554 0.057451 
552 555 0.045313 
552 556 0.041713 
552 557 0.030859 
553 555 0.062559 
553 556 0.055246 
553 557 0.042276 
554 556 0.10027 
554 557 0.06581 
555 557 0.11912 
557 1258 0.0062659 
562 564 0.040197 
562 565 0.045404 
562 566 0.034318 
562 567 0.030666 
562 1006 0.015174 
563 565 0.0616 
563 566 0.046396 
563 567 0.036482 
563 1006 0.015969 
563 1007 0.015209 
563 1008 0.018394 
564 566 0.04763 
564 567 0.033933 
564 568 0.025121 
564 570 0.021705 
564 571 0.019634 
565 567 0.043994 
565 570 0.022099 
565 571 0.021703 
565 1006 0.015405 
566 568 0.030968 
566 569 0.024221 
566 572 0.01957 
567 569 0.039518 
567 570 0.03836 
568 570 0.044863 
568 571 0.030736 
568 572 0.029742 
568 573 0.025434 
569 571 0.0407 
569 572 0.031861 
569 573 0.029281 
569 574 0.025443 
570 572 0.037597 
570 573 0.030047 
571 573 0.037927 
571 574 0.026846 
572 574 0.03806 
572 575 0.026117 
573 575 0.032162 
573 576 0.02378 
574 576 0.038125 
574 577 0.027071 
574 578 0.02287 
575 577 0.042308 
575 578 0.031748 
575 579 0.029262 
575 580 0.028523 
576 578 0.041675 
576 579 0.034594 
576 580 0.033269 
576 581 0.027973 
577 579 0.04275 
577 580 0.039819 
577 581 0.029933 
577 584 0.01483 
578 580 0.046328 
578 581 0.033286 
578 582 0.025852 
579 581 0.045913 
579 582 0.028598 
579 583 0.020737 
580 582 0.044366 
580 583 0.028508 
581 583 0.037947 
581 584 0.02931 
582 584 0.056527 
582 585 0.033749 
582 586 0.02524 
583 585 0.043321 
583 586 0.032913 
583 587 0.02746 
584 586 0.040469 
584 587 0.033225 
584 588 0.025689 
585 587 0.048497 
585 588 0.032859 
585 589 0.023774 
585 591 0.018493 
586 588 0.041495 
586 589 0.030488 
586 590 0.025008 
587 589 0.041479 
587 590 0.031203 
587 591 0.026818 
588 590 0.042698 
588 591 0.031051 
588 592 0.028944 
589 591 0.041435 
589 592 0.031615 
589 593 0.026105 
590 592 0.03923 
590 593 0.0305 
590 594 0.022391 
591 593 0.043177 
591 594 0.026535 
592 594 0.037055 
592 595 0.026617 
592 596 0.02339 
593 595 0.041582 
593 596 0.03061 
593 597 0.027304 
594 596 0.038906 
594 597 0.032012 
594 598 0.028096 
595 597 0.046027 
595 598 0.037191 
595 599 0.026127 
595 600 0.020832 
596 598 0.042956 
596 599 0.026965 
596 600 0.022927 
597 599 0.037654 
597 600 0.027348 
597 601 0.027131 
598 600 0.040973 
598 601 0.040621 
598 602 0.026293 
599 601 0.048075 
599 602 0.027938 
599 603 0.020848 
600 602 0.035115 
600 603 0.025281 
601 603 0.037103 
601 604 0.028271 
601 605 0.02809 
602 604 0.042311 
602 605 0.037485 
602 606 0.031098 
603 605 0.048368 
603 606 0.030655 
603 607 0.022246 
604 606 0.034091 
604 607 0.024822 
604 608 0.020724 
604 609 0.017167 
605 607 0.03183 
605 608 0.024848 
605 609 0.020633 
606 608 0.047363 
606 609 0.0316 
606 610 0.025918 
607 609 0.043068 
607 610 0.028369 
607 611 0.025583 
608 610 0.036242 
608 611 0.030387 
608 612 0.025079 
609 611 0.038897 
609 612 0.032134 
610 612 0.043278 
610 613 0.034548 
610 614 0.02246 
611 613 0.041289 
611 614 0.030952 
611 615 0.023114 
612 614 0.041205 
612 615 0.027065 
612 616 0.023507 
613 615 0.039572 
613 616 0.031517 
613 617 0.029024 
613 618 0.027367 
614 616 0.04479 
614 617 0.03593 
614 618 0.033222 
615 617 0.042112 
615 618 0.031892 
615 619 0.023646 
616 618 0.044694 
616 619 0.029675 
616 620 0.023353 
617 619 0.037834 
617 620 0.028895 
617 621 0.020734 
618 620 0.030816 
618 621 0.02412 
619 621 0.041136 
619 622 0.024288 
619 623 0.022406 
620 622 0.033088 
620 623 0.025615 
620 624 0.024072 
621 623 0.036158 
621 624 0.027259 
621 625 0.022097 
622 624 0.039636 
622 625 0.029937 
622 626 0.022496 
622 630 0.016532 
623 625 0.038475 
623 626 0.026596 
623 627 0.021 
624 626 0.033588 
624 627 0.024832 
624 628 0.023904 
625 627 0.038129 
625 628 0.030294 
625 629 0.030058 
626 628 0.038604 
626 629 0.032036 
626 630 0.027546 
627 629 0.041283 
627 630 0.029609 
627 631 0.02137 
628 630 0.035095 
628 631 0.024386 
628 632 0.019509 
629 631 0.032713 
629 632 0.026194 
629 633 0.021335 
630 632 0.040717 
630 633 0.028886 
631 633 0.039478 
631 634 0.02986 
631 635 0.022819 
632 634 0.043362 
632 635 0.03032 
632 636 0.022542 
633 635 0.044964 
633 636 0.031246 
633 637 0.024136 
634 636 0.046839 
634 637 0.030251 
634 638 0.027825 
634 639 0.026955 
635 637 0.045115 
635 638 0.03559 
635 639 0.032199 
636 638 0.044824 
636 639 0.037459 
636 640 0.022335 
637 639 0.045976 
637 640 0.025386 
637 641 0.017917 
638 640 0.036683 
638 641 0.023896 
638 642 0.017234 
639 641 0.03439 
639 642 0.025135 
640 642 0.031994 
640 643 0.029251 
640 644 0.026767 
641 643 0.038624 
641 644 0.032445 
641 645 0.031531 
642 644 0.039279 
642 645 0.030519 
642 646 0.019527 
643 645 0.030751 
643 646 0.020381 
643 647 0.019629 
643 648 0.016068 
644 646 0.032341 
644 647 0.024186 
644 648 0.021897 
645 647 0.036931 
645 648 0.03244 
645 649 0.036864 
646 648 0.041811 
646 649 0.041176 
646 650 0.034287 
647 649 0.037635 
647 650 0.028697 
647 651 0.020783 
648 650 0.044573 
648 651 0.030307 
649 651 0.05118 
649 652 0.030938 
649 653 0.022632 
650 652 0.049278 
650 653 0.033501 
650 654 0.026222 
651 653 0.0441 
651 654 0.031372 
651 655 0.023897 
652 654 0.04269 
652 655 0.029468 
652 656 0.027921 
652 657 0.026057 
653 655 0.034615 
653 656 0.028337 
653 657 0.026027 
654 656 0.038823 
654 657 0.032693 
654 658 0.026067 
655 657 0.039025 
655 658 0.029758 
655 659 0.022956 
656 658 0.038469 
656 659 0.032184 
656 660 0.022667 
657 659 0.048331 
657 660 0.030924 
658 660 0.04048 
658 661 0.029322 
658 662 0.020376 
659 661 0.046677 
659 662 0.028291 
659 663 0.020426 
660 662 0.042087 
660 663 0.028699 
660 664 0.022812 
661 663 0.040946 
661 664 0.028651 
661 665 0.02928 
661 666 0.02628 
662 664 0.037673 
662 665 0.033495 
662 666 0.027717 
663 665 0.036931 
663 666 0.02918 
663 667 0.023524 
664 666 0.040016 
664 667 0.025953 
664 668 0.019532 
665 667 0.036337 
665 668 0.026354 
665 669 0.018928 
666 668 0.032701 
666 669 0.021511 
667 669 0.036559 
667 670 0.031574 
667 671 0.025979 
668 670 0.048135 
668 671 0.03096 
668 672 0.023227 
669 671 0.030872 
669 672 0.022753 
669 673 0.017406 
670 672 0.038927 
670 673 0.026955 
670 674 0.024621 
670 675 0.024071 
671 673 0.037895 
671 674 0.034866 
671 675 0.03076 
672 674 0.043498 
672 675 0.035477 
672 676 0.02592 
673 675 0.037441 
673 676 0.025752 
673 677 0.020241 
674 676 0.036169 
674 677 0.025379 
674 678 0.019541 
675 677 0.035828 
675 678 0.026791 
676 678 0.039186 
676 679 0.030955 
676 680 0.026845 
677 679 0.038585 
677 680 0.033539 
677 681 0.026663 
678 680 0.040108 
678 681 0.029494 
678 685 0.011254 
679 681 0.045532 
679 682 0.030358 
679 683 0.01901 
679 684 0.01653 
680 682 0.040084 
680 683 0.025367 
680 685 0.014841 
681 683 0.0316 
681 684 0.023208 
681 686 0.019446 
682 684 0.03399 
682 686 0.029401 
682 687 0.031684 
682 688 0.029445 
683 685 0.03285 
683 686 0.032473 
683 687 0.028455 
684 686 0.044868 
684 687 0.035645 
684 688 0.026918 
685 687 0.028438 
685 688 0.021626 
685 689 0.022961 
686 688 0.042758 
686 689 0.025231 
687 689 0.04234 
687 690 0.028271 
688 690 0.044462 
688 691 0.03332 
689 691 0.049742 
689 692 0.043148 
689 693 0.025586 
690 692 0.060819 
690 693 0.043687 
690 694 0.026343 
690 695 0.020439 
691 693 0.046081 
691 694 0.030612 
691 695 0.024453 
691 696 0.022941 
692 694 0.03683 
692 695 0.028762 
692 696 0.02867 
692 697 0.021676 
693 695 0.037391 
693 696 0.028991 
693 697 0.024652 
694 696 0.040056 
694 697 0.029137 
694 698 0.020664 
695 697 0.037934 
695 698 0.02518 
696 698 0.041665 
696 699 0.027602 
697 699 0.034963 
697 700 0.028078 
698 700 0.039061 
698 701 0.029554 
698 702 0.022846 
699 701 0.035239 
699 702 0.025776 
699 703 0.020292 
699 704 0.019141 
700 702 0.041122 
700 703 0.028191 
700 704 0.023613 
700 705 0.023079 
701 703 0.040448 
701 704 0.028244 
701 705 0.026678 
701 706 0.026855 
702 704 0.036962 
702 705 0.029349 
702 706 0.029594 
703 705 0.038467 
703 706 0.030134 
703 707 0.017055 
704 706 0.04168 
704 707 0.02024 
705 707 0.035673 
705 708 0.022753 
706 708 0.031359 
706 709 0.025064 
707 709 0.045303 
707 710 0.032935 
707 711 0.026242 
708 710 0.039527 
708 711 0.030362 
708 715 0.013822 
708 716 0.013272 
709 711 0.042838 
709 712 0.032514 
709 713 0.02675 
709 714 0.018853 
710 712 0.04504 
710 713 0.032327 
710 714 0.02479 
710 715 0.019247 
711 713 0.041556 
711 714 0.032568 
711 715 0.026579 
712 714 0.043899 
712 715 0.03275 
712 716 0.026707 
712 717 0.023417 
713 715 0.047481 
713 716 0.037689 
713 717 0.032909 
714 716 0.055887 
714 717 0.043734 
715 717 0.051526 
716 724 0.011411 
716 726 0.010789 
717 724 0.013026 
717 725 0.012721 
724 726 0.089705 
724 727 0.046322 
724 728 0.040838 
724 729 0.029082 
725 727 0.057758 
725 728 0.044027 
725 729 0.031881 
725 730 0.025523 
725 1257 0.00051661 
726 728 0.059561 
726 729 0.039193 
726 730 0.028937 
726 734 0.010405 
727 729 0.043235 
727 730 0.032453 
727 731 0.02581 
727 733 0.016788 
728 730 0.056098 
728 731 0.038927 
728 732 0.032471 
729 731 0.053639 
729 732 0.040694 
730 732 0.058394 
730 733 0.030854 
731 733 0.034587 
731 734 0.024288 
731 735 0.02343 
732 734 0.035983 
732 735 0.03225 
732 736 0.035615 
733 735 0.041756 
733 736 0.042045 
733 737 0.027227 
734 736 0.052347 
734 737 0.028842 
734 738 0.022964 
735 737 0.03583 
735 738 0.026261 
735 739 0.018557 
736 738 0.039042 
736 739 0.023363 
736 740 0.017959 
737 739 0.044291 
737 740 0.029696 
737 741 0.027292 
738 740 0.046896 
738 741 0.033703 
738 742 0.026428 
739 741 0.052106 
739 742 0.037463 
739 743 0.025355 
740 742 0.039543 
740 743 0.028065 
740 744 0.020538 
741 743 0.036688 
741 744 0.025518 
741 745 0.019891 
742 744 0.042701 
742 745 0.028748 
742 746 0.025867 
743 745 0.044366 
743 746 0.03421 
743 747 0.049956 
744 746 0.047384 
744 747 0.045925 
744 748 0.025819 
745 747 0.042966 
745 748 0.025183 
745 749 0.021645 
746 748 0.031928 
746 749 0.026316 
746 750 0.020513 
747 749 0.038846 
747 750 0.027345 
747 751 0.027723 
748 750 0.044225 
748 751 0.035438 
748 752 0.027353 
749 751 0.040999 
749 752 0.029828 
749 753 0.021833 
750 752 0.036165 
750 753 0.026587 
750 754 0.021889 
751 753 0.035572 
751 754 0.027634 
751 755 0.025083 
752 754 0.03996 
752 755 0.032878 
752 756 0.024875 
753 755 0.039878 
753 756 0.026115 
753 757 0.01951 
754 756 0.030943 
754 757 0.021876 
754 758 0.019611 
755 757 0.02786 
755 758 0.024941 
755 759 0.018414 
756 758 0.043588 
756 759 0.031256 
756 760 0.032279 
757 759 0.048429 
757 760 0.044128 
757 761 0.023885 
758 760 0.046573 
758 761 0.026024 
758 762 0.01984 
759 761 0.033051 
759 762 0.025104 
759 763 0.022509 
760 762 0.03544 
760 763 0.029758 
760 764 0.026663 
761 763 0.041443 
761 764 0.031476 
761 765 0.02247 
762 764 0.039826 
762 765 0.028066 
762 766 0.023256 
763 765 0.040081 
763 766 0.032455 
763 767 0.026841 
764 766 0.048062 
764 767 0.03715 
764 768 0.030456 
765 767 0.046942 
765 768 0.03581 
765 769 0.023215 
766 768 0.042387 
766 769 0.028165 
766 770 0.02152 
767 769 0.040371 
767 770 0.029596 
767 771 0.031974 
768 770 0.04709 
768 771 0.055726 
768 772 0.031397 
769 771 0.066339 
769 772 0.032696 
769 773 0.019391 
770 772 0.037087 
770 773 0.020234 
770 774 0.016826 
771 773 0.029376 
771 774 0.021921 
771 775 0.017938 
772 774 0.06085 
772 775 0.048467 
772 776 0.031481 
773 775 0.062653 
773 776 0.039248 
773 777 0.026654 
774 776 0.047911 
774 777 0.0303 
774 778 0.02329 
775 777 0.041738 
775 778 0.027725 
775 779 0.021647 
776 778 0.045472 
776 779 0.029463 
776 780 0.031858 
777 779 0.038052 
777 780 0.037109 
777 781 0.028242 
778 780 0.046255 
778 781 0.03218 
778 782 0.021108 
779 781 0.037648 
779 782 0.024778 
779 783 0.021193 
780 782 0.037621 
780 783 0.031567 
780 784 0.026705 
781 783 0.044516 
781 784 0.036368 
781 785 0.024162 
782 784 0.048716 
782 785 0.030401 
782 786 0.02314 
783 785 0.03772 
783 786 0.028965 
783 787 0.027352 
784 786 0.036649 
784 787 0.035033 
784 788 0.02837 
785 787 0.045338 
785 788 0.031583 
785 789 0.019304 
786 788 0.037175 
786 789 0.024008 
786 790 0.019954 
787 789 0.031696 
787 790 0.027496 
787 791 0.022422 
788 790 0.039202 
788 791 0.031437 
788 792 0.030656 
789 791 0.044562 
789 792 0.033264 
789 793 0.023913 
790 792 0.043118 
790 793 0.029441 
790 794 0.020095 
791 793 0.039751 
791 794 0.026785 
791 795 0.019198 
792 794 0.036203 
792 795 0.025147 
792 796 0.02163 
793 795 0.0378 
793 796 0.029074 
793 797 0.024771 
794 796 0.034922 
794 797 0.029164 
794 798 0.02756 
795 797 0.041091 
795 798 0.035361 
795 799 0.028576 
796 798 0.046899 
796 799 0.030869 
796 800 0.020409 
797 799 0.039773 
797 800 0.023783 
797 801 0.02066 
798 800 0.031704 
798 801 0.02885 
798 802 0.024051 
799 801 0.040303 
799 802 0.033319 
799 803 0.025033 
800 802 0.03727 
800 803 0.027832 
800 804 0.021163 
801 803 0.039243 
801 804 0.027136 
801 805 0.023062 
802 804 0.037061 
802 805 0.030094 
802 806 0.021095 
803 805 0.03906 
803 806 0.027305 
803 807 0.023804 
804 806 0.03668 
804 807 0.02938 
804 808 0.025504 
805 807 0.038735 
805 808 0.028526 
805 809 0.021837 
806 808 0.036779 
806 809 0.023967 
806 810 0.018693 
807 809 0.038952 
807 810 0.027551 
807 811 0.020556 
808 810 0.036964 
808 811 0.02482 
808 812 0.024421 
809 811 0.035689 
809 812 0.031887 
809 813 0.030984 
810 812 0.041827 
810 813 0.037314 
810 814 0.029431 
811 813 0.038162 
811 814 0.02494 
811 815 0.019155 
812 814 0.033537 
812 815 0.024626 
812 816 0.018977 
813 815 0.031369 
813 816 0.024114 
813 817 0.019243 
814 816 0.044822 
814 817 0.034227 
814 818 0.029265 
815 817 0.036679 
815 818 0.03146 
815 819 0.026368 
816 818 0.039449 
816 819 0.030662 
816 820 0.022423 
817 819 0.039587 
817 820 0.027022 
817 821 0.019328 
818 820 0.038199 
818 821 0.027074 
818 822 0.02169 
819 821 0.038435 
819 822 0.031933 
819 823 0.025174 
820 822 0.045287 
820 823 0.032653 
820 824 0.026755 
821 823 0.03841 
821 824 0.030432 
821 825 0.022762 
822 824 0.038129 
822 825 0.02783 
822 826 0.022725 
823 825 0.03571 
823 826 0.028368 
823 827 0.021727 
824 826 0.04208 
824 827 0.029481 
824 828 0.025133 
825 827 0.03635 
825 828 0.030795 
825 829 0.027652 
826 828 0.037169 
826 829 0.031531 
826 830 0.023934 
827 829 0.040156 
827 830 0.028623 
827 831 0.019103 
828 830 0.039637 
828 831 0.025101 
828 832 0.019996 
829 831 0.031594 
829 832 0.024085 
829 833 0.023364 
830 832 0.034613 
830 833 0.033574 
830 834 0.027845 
831 833 0.045583 
831 834 0.030061 
831 835 0.02266 
832 834 0.02855 
832 835 0.022883 
832 839 0.011621 
833 835 0.028938 
833 836 0.022949 
833 837 0.017762 
834 836 0.044727 
834 837 0.028436 
834 838 0.021778 
835 837 0.032926 
835 838 0.028391 
835 839 0.021277 
836 838 0.03584 
836 839 0.027332 
836 840 0.024875 
836 841 0.024222 
837 839 0.04105 
837 840 0.030882 
837 841 0.029338 
838 840 0.038485 
838 841 0.031868 
838 842 0.024894 
839 841 0.031501 
839 842 0.023646 
840 842 0.040842 
840 843 0.030991 
840 844 0.020619 
841 843 0.042954 
841 844 0.026456 
842 844 0.035912 
842 845 0.028588 
842 846 0.026196 
843 845 0.040182 
843 846 0.035022 
843 847 0.023678 
843 849 0.014631 
844 846 0.042929 
844 847 0.029138 
844 848 0.02016 
845 847 0.038516 
845 848 0.026395 
845 849 0.02127 
845 851 0.020988 
846 848 0.034849 
846 849 0.026957 
846 850 0.028779 
847 849 0.035644 
847 850 0.032519 
847 851 0.027993 
848 850 0.036781 
848 851 0.028824 
848 852 0.023294 
849 851 0.036398 
849 852 0.026874 
850 852 0.043344 
850 853 0.024552 
850 854 0.021539 
851 853 0.030881 
851 854 0.028299 
852 854 0.043885 
852 855 0.026549 
852 856 0.028527 
853 855 0.041083 
853 856 0.03652 
853 857 0.027602 
853 858 0.024199 
854 856 0.043771 
854 857 0.030453 
854 858 0.024876 
855 857 0.036953 
855 858 0.027429 
855 859 0.022791 
855 860 0.018945 
856 858 0.035519 
856 859 0.02835 
856 860 0.022266 
857 859 0.038136 
857 860 0.025688 
857 861 0.027853 
858 860 0.03571 
858 861 0.036366 
859 861 0.044037 
859 862 0.026691 
859 863 0.021561 
860 862 0.031076 
860 864 0.017795 
861 863 0.042253 
861 864 0.028981 
861 865 0.026024 
862 864 0.03544 
862 865 0.028412 
862 866 0.026182 
862 867 0.023842 
863 865 0.041742 
863 866 0.034274 
863 867 0.031597 
863 868 0.023283 
864 866 0.039782 
864 867 0.032916 
864 868 0.023456 
865 867 0.043603 
865 868 0.028953 
865 869 0.020843 
866 868 0.037533 
866 869 0.026569 
866 870 0.019651 
867 869 0.036746 
867 870 0.02618 
868 870 0.037228 
868 871 0.030924 
869 871 0.03984 
869 872 0.03025 
869 873 0.023205 
870 872 0.037418 
870 873 0.024876 
870 874 0.021918 
871 873 0.037466 
871 874 0.027607 
871 875 0.024361 
871 876 0.021062 
872 874 0.042526 
872 875 0.033806 
872 876 0.029089 
872 877 0.025628 
873 875 0.041728 
873 876 0.034475 
873 877 0.029528 
874 876 0.037783 
874 877 0.029046 
874 878 0.021293 
875 877 0.038412 
875 878 0.026111 
875 879 0.018183 
876 878 0.039452 
876 879 0.027114 
877 879 0.040898 
877 880 0.030337 
878 880 0.039725 
878 881 0.028013 
878 882 0.021543 
879 881 0.042052 
879 882 0.028142 
879 883 0.025039 
880 882 0.040562 
880 883 0.03124 
880 884 0.033354 
880 885 0.03626 
881 883 0.040845 
881 884 0.039407 
881 885 0.037949 
881 886 0.025066 
882 884 0.037455 
882 885 0.032883 
882 888 0.016195 
883 885 0.039635 
883 886 0.026346 
883 887 0.018741 
884 886 0.038325 
884 887 0.025747 
884 888 0.021699 
885 887 0.034704 
885 889 0.025807 
886 888 0.040879 
886 889 0.032655 
886 890 0.03009 
887 889 0.043877 
887 890 0.035256 
887 891 0.024574 
888 890 0.047983 
888 891 0.030519 
888 892 0.023566 
889 891 0.034749 
889 892 0.021832 
889 893 0.024149 
890 892 0.037842 
890 893 0.033572 
890 894 0.031709 
891 893 0.048572 
891 894 0.039828 
891 895 0.026957 
892 894 0.049766 
892 895 0.031195 
892 896 0.022508 
893 895 0.041407 
893 896 0.028987 
893 897 0.023481 
894 896 0.038572 
894 897 0.029751 
894 898 0.024065 
895 897 0.045171 
895 898 0.036337 
895 899 0.028081 
896 898 0.044266 
896 899 0.030849 
896 900 0.018896 
897 899 0.04165 
897 900 0.024441 
897 901 0.022966 
898 900 0.031277 
898 901 0.02946 
898 902 0.02822 
899 901 0.03844 
899 902 0.032401 
899 903 0.026484 
900 902 0.037347 
900 903 0.027728 
900 904 0.022925 
901 903 0.03662 
901 904 0.028885 
901 905 0.021544 
902 904 0.039163 
902 905 0.027838 
902 906 0.022935 
903 905 0.042004 
903 906 0.035984 
903 907 0.025337 
904 906 0.046742 
904 907 0.031969 
904 908 0.022357 
905 907 0.039039 
905 908 0.026452 
905 909 0.028805 
906 908 0.035682 
906 909 0.039775 
906 910 0.023585 
907 909 0.044851 
907 910 0.02466 
907 911 0.022276 
908 910 0.030687 
908 911 0.025895 
908 912 0.021474 
909 911 0.042673 
909 912 0.033995 
909 913 0.026732 
910 912 0.036865 
910 913 0.026118 
910 914 0.022675 
911 913 0.04023 
911 914 0.029093 
911 915 0.026978 
912 914 0.043962 
912 915 0.035733 
912 916 0.027358 
913 915 0.057547 
913 916 0.035773 
913 917 0.029184 
914 916 0.037183 
914 917 0.029482 
914 918 0.024954 
915 917 0.047191 
915 918 0.036348 
915 919 0.028169 
916 918 0.044704 
916 919 0.032586 
916 920 0.024962 
917 919 0.045562 
917 920 0.033473 
917 921 0.023413 
918 920 0.045065 
918 921 0.031808 
918 922 0.021597 
919 921 0.040716 
919 922 0.030034 
919 923 0.02645 
920 922 0.038086 
920 923 0.034175 
920 924 0.026901 
921 923 0.04157 
921 924 0.032423 
921 925 0.025326 
922 924 0.046843 
922 925 0.030409 
922 926 0.023534 
923 925 0.038828 
923 926 0.029537 
923 927 0.026832 
924 926 0.039148 
924 927 0.033707 
924 928 0.029587 
925 927 0.041843 
925 928 0.030583 
925 929 0.024864 
926 928 0.043886 
926 929 0.030023 
926 930 0.024981 
927 929 0.03978 
927 930 0.032591 
927 931 0.024064 
928 930 0.043444 
928 931 0.032578 
928 932 0.028845 
929 931 0.041564 
929 932 0.034272 
929 933 0.027986 
930 932 0.051189 
930 933 0.035953 
930 934 0.02574 
931 933 0.045527 
931 934 0.031739 
931 935 0.025732 
932 934 0.044814 
932 935 0.035387 
932 936 0.025742 
933 935 0.048196 
933 936 0.033748 
933 937 0.02673 
934 936 0.042761 
934 937 0.033274 
934 938 0.026775 
935 937 0.045853 
935 938 0.035581 
935 939 0.026503 
936 938 0.044204 
936 939 0.030327 
936 940 0.026268 
937 939 0.042018 
937 940 0.032769 
937 941 0.028156 
938 940 0.044249 
938 941 0.03514 
938 942 0.024918 
939 941 0.03623 
939 942 0.024934 
939 943 0.02138 
940 942 0.033078 
940 943 0.026194 
940 944 0.02135 
941 943 0.044091 
941 944 0.029229 
941 945 0.030356 
942 944 0.041598 
942 945 0.035094 
942 946 0.02895 
943 945 0.043139 
943 946 0.032539 
943 947 0.022962 
944 946 0.032403 
944 947 0.022075 
944 948 0.01939 
945 947 0.03668 
945 948 0.029357 
945 949 0.029562 
946 948 0.04789 
946 949 0.040513 
946 950 0.027973 
947 949 0.046061 
947 950 0.029887 
947 951 0.023155 
948 950 0.042575 
948 951 0.030413 
948 952 0.025733 
949 951 0.041519 
949 952 0.034469 
949 953 0.030418 
950 952 0.045285 
950 953 0.037814 
950 954 0.028201 
951 953 0.047571 
951 954 0.032006 
951 955 0.019755 
952 954 0.04226 
952 955 0.02395 
952 956 0.020895 
953 955 0.032376 
953 956 0.028293 
953 957 0.026023 
954 956 0.037627 
954 957 0.033576 
954 958 0.040343 
955 957 0.041846 
955 958 0.037749 
955 959 0.026551 
956 958 0.043241 
956 959 0.029348 
956 960 0.020104 
957 959 0.037306 
957 960 0.023291 
957 961 0.020226 
958 960 0.037087 
958 961 0.029743 
958 962 0.026028 
959 961 0.042243 
959 962 0.035414 
959 963 0.030492 
960 962 0.047161 
960 963 0.031585 
960 964 0.024349 
961 963 0.03148 
961 964 0.025835 
961 965 0.024908 
962 964 0.033743 
962 965 0.033113 
962 966 0.02465 
963 965 0.052245 
963 966 0.036654 
963 967 0.028185 
964 966 0.042837 
964 967 0.03331 
964 968 0.021201 
965 967 0.053689 
965 968 0.027889 
965 969 0.028556 
966 968 0.037586 
966 969 0.033341 
966 970 0.029733 
967 969 0.047853 
967 970 0.037679 
967 971 0.025378 
968 970 0.041638 
968 971 0.029777 
968 972 0.023327 
969 971 0.045938 
969 972 0.033675 
969 973 0.035444 
970 972 0.048646 
970 973 0.051631 
970 974 0.040372 
971 973 0.042074 
971 974 0.033378 
971 975 0.020659 
972 974 0.042882 
972 975 0.02467 
972 976 0.022171 
973 975 0.034345 
973 976 0.033449 
973 977 0.024518 
974 976 0.046065 
974 977 0.029908 
974 978 0.022728 
975 977 0.044237 
975 978 0.032884 
975 979 0.02965 
976 978 0.04917 
976 979 0.045909 
976 980 0.034065 
977 979 0.053111 
977 980 0.037251 
977 981 0.026068 
978 980 0.045889 
978 981 0.031989 
978 982 0.026168 
979 981 0.043534 
979 982 0.035246 
979 983 0.024825 
980 982 0.049836 
980 983 0.031775 
980 984 0.028541 
981 983 0.045293 
981 984 0.034137 
981 985 0.030393 
982 984 0.04647 
982 985 0.037142 
982 986 0.031135 
983 985 0.049182 
983 986 0.036935 
983 987 0.026959 
984 986 0.047746 
984 987 0.031421 
984 988 0.026635 
985 987 0.04499 
985 988 0.034253 
985 989 0.027575 
986 988 0.046227 
986 989 0.034341 
986 990 0.027967 
987 989 0.045985 
987 990 0.03572 
987 991 0.029828 
988 990 0.055427 
988 991 0.040446 
988 992 0.028816 
989 991 0.056719 
989 992 0.039077 
989 993 0.029895 
990 992 0.052136 
990 993 0.038686 
990 994 0.032098 
991 993 0.060873 
991 994 0.047523 
991 995 0.034669 
992 994 0.052407 
992 995 0.03707 
992 996 0.029906 
993 995 0.048375 
993 996 0.036644 
993 997 0.027485 
994 996 0.049015 
994 997 0.032688 
994 998 0.024162 
995 997 0.0395 
995 998 0.029043 
995 999 0.023414 
996 998 0.041072 
996 999 0.033138 
996 1000 0.026106 
997 999 0.046907 
997 1000 0.031993 
997 1001 0.027377 
998 1000 0.036571 
998 1001 0.031787 
998 1002 0.027354 
999 1001 0.042556 
999 1002 0.034382 
999 1005 0.020291 
1000 1002 0.040206 
1000 1003 0.030976 
1000 1004 0.030855 
1001 1003 0.038983 
1001 1004 0.038679 
1001 1005 0.031501 
1002 1004 0.037576 
1002 1005 0.031778 
1002 1007 0.02564 
1003 1005 0.043251 
1003 1006 0.031821 
1003 1007 0.030397 
1003 1008 0.025486 
1004 1006 0.058612 
1004 1007 0.045976 
1004 1008 0.049856 
1005 1007 0.058422 
1005 1008 0.055274 
1006 1008 0.071458 
1016 1018 0.10004 
1016 1019 0.059324 
1016 1020 0.043203 
1016 1021 0.034462 
1016 1025 0.017518 
1016 1257 0.0016519 
1017 1019 0.079412 
1017 1020 0.056497 
1017 1021 0.044417 
1017 1022 0.033732 
1017 1024 0.024753 
1017 1028 0.014727 
1018 1020 0.066006 
1018 1021 0.053509 
1018 1022 0.041359 
1018 1023 0.030974 
1018 1027 0.017993 
1019 1021 0.056994 
1019 1022 0.038536 
1019 1023 0.031695 
1019 1025 0.021766 
1020 1022 0.043746 
1020 1023 0.034579 
1020 1024 0.026359 
1021 1023 0.044944 
1021 1024 0.031385 
1022 1024 0.049661 
1022 1026 0.039941 
1023 1025 0.042457 
1023 1026 0.045118 
1024 1026 0.04235 
1024 1027 0.029609 
1025 1027 0.035879 
1025 1028 0.026769 
1025 1029 0.021167 
1026 1028 0.039654 
1026 1029 0.029167 
1026 1030 0.025524 
1027 1029 0.047129 
1027 1030 0.037849 
1027 1031 0.034521 
1028 1030 0.045421 
1028 1031 0.036663 
1028 1032 0.025694 
1029 1031 0.040831 
1029 1032 0.027148 
1029 1033 0.024389 
1030 1032 0.039674 
1030 1033 0.033119 
1030 1034 0.026348 
1031 1033 0.043558 
1031 1034 0.033826 
1031 1035 0.02883 
1032 1034 0.043787 
1032 1035 0.034054 
1032 1036 0.022692 
1033 1035 0.037568 
1033 1036 0.024493 
1033 1037 0.025959 
1034 1036 0.033469 
1034 1037 0.034715 
1034 1038 0.029432 
1035 1037 0.038604 
1035 1038 0.034025 
1035 1039 0.032648 
1036 1038 0.041134 
1036 1039 0.03313 
1036 1040 0.021041 
1037 1039 0.045675 
1037 1040 0.022296 
1037 1041 0.020482 
1038 1040 0.039738 
1038 1041 0.028455 
1038 1042 0.022767 
1039 1041 0.035902 
1039 1042 0.034519 
1039 1043 0.024861 
1040 1042 0.035258 
1040 1043 0.024936 
1040 1044 0.01959 
1041 1043 0.038873 
1041 1044 0.029639 
1041 1045 0.025099 
1042 1044 0.043376 
1042 1045 0.035847 
1042 1046 0.027172 
1043 1045 0.048405 
1043 1046 0.033618 
1043 1047 0.023339 
1044 1046 0.043336 
1044 1047 0.026994 
1044 1048 0.026496 
1045 1047 0.036899 
1045 1048 0.031214 
1045 1049 0.021713 
1046 1048 0.038085 
1046 1049 0.025769 
1046 1050 0.021028 
1047 1049 0.027893 
1047 1050 0.022236 
1047 1051 0.021326 
1048 1050 0.037897 
1048 1051 0.032498 
1048 1052 0.025532 
1049 1051 0.046441 
1049 1052 0.032965 
1049 1053 0.029065 
1050 1052 0.04194 
1050 1053 0.033645 
1050 1054 0.024692 
1051 1053 0.045601 
1051 1054 0.030466 
1051 1055 0.022649 
1052 1054 0.033509 
1052 1055 0.025986 
1052 1056 0.020879 
1053 1055 0.039263 
1053 1056 0.033549 
1053 1057 0.02623 
1054 1056 0.044562 
1054 1057 0.035242 
1054 1058 0.030745 
1055 1057 0.044928 
1055 1058 0.033332 
1055 1059 0.027163 
1056 1058 0.048672 
1056 1059 0.03311 
1056 1060 0.021496 
1057 1059 0.040876 
1057 1060 0.025837 
1057 1061 0.022587 
1058 1060 0.03319 
1058 1061 0.029189 
1058 1062 0.02454 
1059 1061 0.038863 
1059 1062 0.031421 
1059 1063 0.021396 
1060 1062 0.040703 
1060 1063 0.026431 
1060 1064 0.020328 
1061 1063 0.033448 
1061 1064 0.025843 
1061 1065 0.022934 
1062 1064 0.036702 
1062 1065 0.031697 
1062 1066 0.027688 
1063 1065 0.039431 
1063 1066 0.031932 
1063 1067 0.025414 
1064 1066 0.043623 
1064 1067 0.030033 
1064 1068 0.021716 
1065 1067 0.037919 
1065 1068 0.026707 
1065 1069 0.017901 
1066 1068 0.028537 
1066 1069 0.019791 
1066 1070 0.016609 
1067 1069 0.036096 
1067 1070 0.02795 
1067 1071 0.026407 
1068 1070 0.038123 
1068 1071 0.030834 
1068 1072 0.022846 
1069 1071 0.035974 
1069 1072 0.027098 
1069 1073 0.022024 
1070 1072 0.03611 
1070 1073 0.029653 
1070 1074 0.023283 
1071 1073 0.044456 
1071 1074 0.03144 
1071 1075 0.027354 
1072 1074 0.040236 
1072 1075 0.030498 
1072 1076 0.021309 
1073 1075 0.039491 
1073 1076 0.028391 
1073 1077 0.023545 
1074 1076 0.03628 
1074 1077 0.027933 
1074 1078 0.023933 
1075 1077 0.038617 
1075 1078 0.0339 
1075 1079 0.026716 
1076 1078 0.051111 
1076 1079 0.032217 
1076 1080 0.024359 
1077 1079 0.04159 
1077 1080 0.028713 
1077 1081 0.026407 
1078 1080 0.039682 
1078 1081 0.034756 
1078 1082 0.023654 
1079 1081 0.045629 
1079 1082 0.02812 
1079 1083 0.018512 
1080 1082 0.032503 
1080 1083 0.021078 
1080 1084 0.017182 
1081 1083 0.03239 
1081 1084 0.02175 
1081 1085 0.02187 
1082 1084 0.034694 
1082 1085 0.032037 
1082 1086 0.028681 
1083 1085 0.04729 
1083 1086 0.037866 
1083 1087 0.029456 
1084 1086 0.034408 
1084 1087 0.026587 
1084 1088 0.023276 
1085 1087 0.037534 
1085 1088 0.029771 
1085 1089 0.020855 
1086 1088 0.047953 
1086 1089 0.027122 
1086 1090 0.026178 
1087 1089 0.035996 
1087 1090 0.032877 
1087 1091 0.025228 
1088 1090 0.044867 
1088 1091 0.031719 
1088 1092 0.023516 
1089 1091 0.034156 
1089 1092 0.025746 
1089 1093 0.020163 
1090 1092 0.038147 
1090 1093 0.02866 
1090 1094 0.022715 
1091 1093 0.044233 
1091 1094 0.029849 
1091 1095 0.024935 
1092 1094 0.036052 
1092 1095 0.026168 
1092 1096 0.023187 
1093 1095 0.033173 
1093 1096 0.026486 
1093 1097 0.022391 
1094 1096 0.036594 
1094 1097 0.029541 
1094 1098 0.021097 
1095 1097 0.039972 
1095 1098 0.027863 
1095 1099 0.021666 
1096 1098 0.03866 
1096 1099 0.026008 
1096 1100 0.025327 
1097 1099 0.03704 
1097 1100 0.036744 
1097 1101 0.024681 
1098 1100 0.045104 
1098 1101 0.032055 
1098 1102 0.023746 
1099 1101 0.040891 
1099 1102 0.027293 
1099 1103 0.023364 
1100 1102 0.038422 
1100 1103 0.030729 
1100 1104 0.023782 
1101 1103 0.041307 
1101 1104 0.029319 
1101 1105 0.023857 
1102 1104 0.046111 
1102 1105 0.027563 
1102 1106 0.023713 
1103 1105 0.033137 
1103 1106 0.026247 
1103 1107 0.022434 
1104 1106 0.034901 
1104 1107 0.0307 
1104 1108 0.019124 
1105 1107 0.044379 
1105 1108 0.023916 
1105 1109 0.020165 
1106 1108 0.029566 
1106 1109 0.024235 
1106 1110 0.020694 
1107 1109 0.036352 
1107 1110 0.032829 
1107 1115 0.014611 
1108 1110 0.040327 
1108 1111 0.026833 
1108 1117 0.013875 
1109 1111 0.031869 
1109 1112 0.024087 
1109 1116 0.014329 
1110 1112 0.039688 
1110 1113 0.032582 
1110 1114 0.02903 
1111 1113 0.038911 
1111 1114 0.035534 
1111 1115 0.026663 
1111 1116 0.019655 
1112 1114 0.054266 
1112 1115 0.035438 
1112 1116 0.025478 
1112 1117 0.0237 
1113 1115 0.049664 
1113 1116 0.032092 
1113 1117 0.029772 
1113 1118 0.030114 
1114 1116 0.044451 
1114 1117 0.042997 
1114 1118 0.045873 
1115 1117 0.061909 
1115 1118 0.059097 
1116 1118 0.058627 
1117 1128 0.013341 
1118 1127 0.017371 
1118 1128 0.015799 
1127 1129 0.076403 
1127 1130 0.066364 
1127 1131 0.046466 
1127 1132 0.029316 
1127 1133 0.024902 
1128 1130 0.065516 
1128 1131 0.043743 
1128 1132 0.032034 
1128 1133 0.025443 
1129 1131 0.051062 
1129 1132 0.032854 
1129 1133 0.028185 
1129 1134 0.024541 
1129 1136 0.016929 
1130 1132 0.046344 
1130 1133 0.035823 
1130 1134 0.034382 
1130 1135 0.033957 
1131 1133 0.055662 
1131 1134 0.04694 
1131 1135 0.041493 
1132 1134 0.04449 
1132 1135 0.034032 
1133 1135 0.036499 
1134 1136 0.038172 
1134 1137 0.028595 
1135 1137 0.044992 
1135 1138 0.03476 
1136 1138 0.048419 
1136 1139 0.032355 
1136 1140 0.026653 
1136 1141 0.019861 
1137 1139 0.039034 
1137 1140 0.029386 
1137 1141 0.022929 
1137 1142 0.019563 
1138 1140 0.039519 
1138 1141 0.028862 
1138 1142 0.02428 
1138 1143 0.022222 
1139 1141 0.048525 
1139 1142 0.035335 
1139 1143 0.029107 
1139 1144 0.026393 
1140 1142 0.043446 
1140 1143 0.031008 
1140 1147 0.012965 
1141 1143 0.03766 
1141 1144 0.02646 
1142 1144 0.036878 
1142 1145 0.023323 
1143 1145 0.031655 
1143 1146 0.022621 
1144 1146 0.037925 
1144 1147 0.031225 
1144 1148 0.023785 
1145 1147 0.045946 
1145 1148 0.033027 
1145 1149 0.027612 
1145 1150 0.023059 
1146 1148 0.042058 
1146 1149 0.03175 
1146 1150 0.025075 
1146 1151 0.024389 
1147 1149 0.038891 
1147 1150 0.028233 
1147 1151 0.030674 
1148 1150 0.036278 
1148 1151 0.030004 
1148 1152 0.019311 
1149 1151 0.043623 
1149 1152 0.023594 
1149 1153 0.018543 
1150 1152 0.031142 
1150 1153 0.026484 
1151 1153 0.031179 
1151 1154 0.029321 
1152 1154 0.032155 
1152 1155 0.022968 
1152 1156 0.019154 
1153 1155 0.037253 
1153 1156 0.028484 
1153 1157 0.024922 
1154 1156 0.043697 
1154 1157 0.033796 
1154 1158 0.030604 
1154 1159 0.024532 
1155 1157 0.046492 
1155 1158 0.034505 
1155 1159 0.026855 
1155 1160 0.020961 
1156 1158 0.042091 
1156 1159 0.030781 
1156 1160 0.023552 
1157 1159 0.045917 
1157 1160 0.031047 
1157 1161 0.021638 
1158 1160 0.048689 
1158 1161 0.033128 
1158 1162 0.021437 
1159 1161 0.046706 
1159 1162 0.027651 
1160 1162 0.037105 
1160 1163 0.027113 
1161 1163 0.036222 
1161 1164 0.027919 
1161 1165 0.027027 
1162 1164 0.034601 
1162 1165 0.030999 
1162 1166 0.023458 
1163 1165 0.041328 
1163 1166 0.029633 
1163 1167 0.023802 
1163 1168 0.020469 
1164 1166 0.036092 
1164 1167 0.026318 
1164 1168 0.022009 
1164 1172 0.013215 
1165 1167 0.033163 
1165 1168 0.026936 
1165 1169 0.025628 
1166 1168 0.031793 
1166 1169 0.029336 
1166 1170 0.022297 
1167 1169 0.042364 
1167 1170 0.026442 
1167 1171 0.021362 
1168 1170 0.037245 
1168 1171 0.025969 
1169 1171 0.034438 
1169 1172 0.027344 
1169 1173 0.031059 
1170 1172 0.037406 
1170 1173 0.03469 
1170 1174 0.025091 
1171 1173 0.036287 
1171 1174 0.024979 
1171 1175 0.021729 
1172 1174 0.032892 
1172 1175 0.026325 
1172 1176 0.020464 
1173 1175 0.044126 
1173 1176 0.027629 
1173 1177 0.024596 
1174 1176 0.037683 
1174 1177 0.030257 
1174 1178 0.026912 
1175 1177 0.042574 
1175 1178 0.033686 
1175 1179 0.023415 
1176 1178 0.040149 
1176 1179 0.026856 
1176 1180 0.020068 
1177 1179 0.039074 
1177 1180 0.024449 
1177 1181 0.022572 
1178 1180 0.035818 
1178 1181 0.03118 
1178 1182 0.030544 
1179 1181 0.041389 
1179 1182 0.030822 
1179 1183 0.02137 
1180 1182 0.034057 
1180 1183 0.022596 
1180 1184 0.016847 
1181 1183 0.029445 
1181 1184 0.021035 
1181 1185 0.017808 
1182 1184 0.03232 
1182 1185 0.027214 
1182 1186 0.026295 
1183 1185 0.041072 
1183 1186 0.033336 
1183 1187 0.025557 
1184 1186 0.040495 
1184 1187 0.027414 
1184 1188 0.020861 
1185 1187 0.035081 
1185 1188 0.024521 
1185 1189 0.021389 
1186 1188 0.034558 
1186 1189 0.029259 
1186 1190 0.025821 
1187 1189 0.044019 
1187 1190 0.034158 
1187 1191 0.024414 
1188 1190 0.04402 
1188 1191 0.02909 
1188 1192 0.026446 
1189 1191 0.038578 
1189 1192 0.031523 
1189 1193 0.026729 
1190 1192 0.038694 
1190 1193 0.029556 
1190 1194 0.022377 
1191 1193 0.041511 
1191 1194 0.02822 
1191 1195 0.023795 
1192 1194 0.040398 
1192 1195 0.030366 
1192 1196 0.025602 
1193 1195 0.038672 
1193 1196 0.02713 
1193 1197 0.023536 
1194 1196 0.041011 
1194 1197 0.030904 
1194 1198 0.022288 
1195 1197 0.037725 
1195 1198 0.025867 
1195 1199 0.019332 
1196 1198 0.036631 
1196 1199 0.024121 
1196 1200 0.022244 
1197 1199 0.032841 
1197 1200 0.029265 
1197 1201 0.031084 
1198 1200 0.035926 
1198 1201 0.033145 
1198 1202 0.024093 
1199 1201 0.039146 
1199 1202 0.027086 
1199 1203 0.022098 
1200 1202 0.035715 
1200 1203 0.026761 
1200 1204 0.02404 
1201 1203 0.043901 
1201 1204 0.037365 
1201 1205 0.02525 
1202 1204 0.05198 
1202 1205 0.031343 
1202 1206 0.022959 
1203 1205 0.042707 
1203 1206 0.028383 
1203 1207 0.028339 
1204 1206 0.035934 
1204 1207 0.04126 
1204 1208 0.032438 
1205 1207 0.051352 
1205 1208 0.037965 
1205 1209 0.0292 
1206 1208 0.040982 
1206 1209 0.030245 
1206 1210 0.021289 
1207 1209 0.043776 
1207 1210 0.029665 
1207 1211 0.019946 
1208 1210 0.045163 
1208 1211 0.026243 
1208 1212 0.021968 
1209 1211 0.037415 
1209 1212 0.026637 
1209 1213 0.022342 
1210 1212 0.036678 
1210 1213 0.029191 
1210 1214 0.022512 
1211 1213 0.036373 
1211 1214 0.031522 
1211 1215 0.028215 
1212 1214 0.037459 
1212 1215 0.030746 
1212 1216 0.024819 
1213 1215 0.03635 
1213 1216 0.029311 
1213 1217 0.023772 
1214 1216 0.036592 
1214 1217 0.027641 
1214 1218 0.022537 
1215 1217 0.037432 
1215 1218 0.030492 
1215 1219 0.027462 
1216 1218 0.036556 
1216 1219 0.032285 
1216 1220 0.028397 
1217 1219 0.033565 
1217 1220 0.027883 
1217 1221 0.021871 
1218 1220 0.035909 
1218 1221 0.026798 
1218 1222 0.022184 
1219 1221 0.043002 
1219 1222 0.031243 
1219 1223 0.02256 
1220 1222 0.039619 
1220 1223 0.027627 
1220 1224 0.022945 
1221 1223 0.036556 
1221 1224 0.029586 
1221 1225 0.020906 
1222 1224 0.044761 
1222 1225 0.029328 
1222 1226 0.026823 
1223 1225 0.036385 
1223 1226 0.033133 
1223 1227 0.026192 
1224 1226 0.041105 
1224 1227 0.033249 
1224 1228 0.028553 
1225 1227 0.051318 
1225 1228 0.035507 
1225 1229 0.028014 
1226 1228 0.04767 
1226 1229 0.034446 
1226 1230 0.025907 
1227 1229 0.045266 
1227 1230 0.031659 
1227 1231 0.023758 
1228 1230 0.040437 
1228 1231 0.027596 
1228 1232 0.022839 
1229 1231 0.0365 
1229 1232 0.028382 
1229 1233 0.024613 
1230 1232 0.039939 
1230 1233 0.030768 
1230 1234 0.03138 
1231 1233 0.047657 
1231 1234 0.040607 
1231 1235 0.035536 
1232 1234 0.047226 
1232 1235 0.035088 
1232 1236 0.026427 
1233 1235 0.038791 
1233 1236 0.02957 
1233 1237 0.023354 
1234 1236 0.040605 
1234 1237 0.029802 
1234 1238 0.019979 
1235 1237 0.048121 
1235 1238 0.026197 
1235 1239 0.025779 
1236 1238 0.035184 
1236 1239 0.030052 
1236 1240 0.025281 
1237 1239 0.041402 
1237 1240 0.028829 
1237 1241 0.025253 
1238 1240 0.041138 
1238 1241 0.031848 
1238 1242 0.025128 
1239 1241 0.048182 
1239 1242 0.034401 
1239 1243 0.030938 
1240 1242 0.045151 
1240 1243 0.035795 
1240 1244 0.027225 
1241 1243 0.048158 
1241 1244 0.03389 
1241 1245 0.026757 
1242 1244 0.043334 
1242 1245 0.031884 
1242 1246 0.025786 
1243 1245 0.039558 
1243 1246 0.029472 
1243 1247 0.026419 
1244 1246 0.036948 
1244 1247 0.033709 
1244 1248 0.026318 
1245 1247 0.043189 
1245 1248 0.03586 
1245 1249 0.028603 
1246 1248 0.050754 
1246 1249 0.037594 
1246 1250 0.030479 
1247 1249 0.05164 
1247 1250 0.039379 
1247 1256 0.020919 
1248 1250 0.049364 
1248 1251 0.035166 
1248 1252 0.032168 
1249 1251 0.045977 
1249 1252 0.03813 
1249 1255 0.028294 
1250 1252 0.048161 
1250 1253 0.040246 
1250 1254 0.03919 
1251 1253 0.051862 
1251 1254 0.044457 
1251 1255 0.038639 
1251 1256 0.033904 
1252 1254 0.055316 
1252 1255 0.044185 
1252 1256 0.036339 
1253 1255 0.068252 
1253 1256 0.054999 
1253 1257 0.012221 
1253 1258 0.017862 
1254 1256 0.099962 
1254 1257 0.024924 
1254 1258 0.032253 
1255 1257 0.042697 
1255 1258 0.047679 
1256 1258 0.067153 
