perfect matching with 2516 nodes and 298698 edges
    starting init...done [0.036 secs]. 30 trees
    .24.16.8.6.4.2.0.
done [0.164 secs]. 648 grows, 18 expands, 196 shrinks
    expands: [0.012 secs], shrinks: [0.011 secs], dual updates: [0.000 secs]
cost = -23068443272.0
% Blossom V computed a matching of size 273 and weight 11.53422164
6 8 0.04748 
7 9 0.058722 
10 12 0.041214 
11 13 0.040355 
14 16 0.04137 
15 17 0.043 
18 20 0.039388 
19 21 0.044606 
22 24 0.035167 
23 25 0.042717 
26 28 0.052202 
27 29 0.054773 
30 32 0.0501 
31 33 0.048612 
34 36 0.039555 
35 38 0.030425 
37 39 0.049629 
40 42 0.046445 
41 43 0.048364 
44 46 0.04052 
45 47 0.040578 
48 50 0.051144 
49 52 0.029439 
51 53 0.045677 
54 56 0.053846 
55 57 0.042486 
58 60 0.045785 
59 61 0.038362 
62 64 0.043875 
63 65 0.048814 
67 69 0.041126 
68 70 0.047319 
71 73 0.048011 
72 74 0.050867 
75 77 0.040051 
76 78 0.041409 
79 81 0.045261 
80 82 0.045571 
83 85 0.043753 
84 87 0.032805 
86 88 0.049536 
89 91 0.046585 
90 92 0.048118 
93 95 0.03551 
94 96 0.043031 
97 99 0.043237 
98 100 0.042133 
101 103 0.035538 
102 104 0.048068 
105 107 0.042164 
106 108 0.033757 
109 111 0.038323 
110 112 0.043784 
113 115 0.038057 
114 116 0.041613 
117 119 0.043488 
118 120 0.040478 
121 123 0.042014 
122 124 0.047406 
125 127 0.04575 
126 128 0.038612 
129 131 0.044406 
130 132 0.0391 
133 135 0.04442 
134 136 0.044851 
137 139 0.042008 
138 140 0.042073 
141 143 0.041481 
142 144 0.050441 
145 147 0.040085 
146 148 0.040542 
149 151 0.048161 
150 152 0.042858 
153 155 0.04468 
154 156 0.045581 
157 162 0.028601 
158 160 0.040845 
159 161 0.042063 
163 165 0.044798 
164 166 0.039862 
167 169 0.038998 
168 170 0.04538 
171 173 0.036538 
172 174 0.040085 
175 177 0.044169 
176 178 0.04342 
179 181 0.049727 
180 182 0.053278 
183 185 0.032541 
184 186 0.041613 
187 189 0.039201 
188 191 0.030117 
190 192 0.036391 
193 195 0.042176 
194 197 0.039039 
196 331 0.00066524 
198 200 0.042339 
199 201 0.046676 
202 204 0.0397 
203 205 0.040317 
206 208 0.043856 
207 209 0.039418 
210 212 0.036776 
211 213 0.0452 
214 216 0.042153 
215 217 0.047621 
218 220 0.050486 
219 221 0.037857 
222 224 0.037369 
223 225 0.03888 
226 228 0.040435 
227 229 0.041262 
230 232 0.03618 
231 234 0.032699 
233 235 0.035707 
236 238 0.040859 
237 239 0.041313 
240 242 0.039589 
241 243 0.039637 
244 246 0.028021 
245 247 0.042788 
248 250 0.042888 
249 251 0.038426 
252 254 0.04302 
253 255 0.035427 
256 258 0.036481 
257 259 0.034303 
260 262 0.039593 
261 263 0.036746 
264 266 0.04708 
265 267 0.037384 
268 270 0.042017 
269 271 0.037846 
272 274 0.047422 
273 275 0.037261 
276 278 0.044302 
277 279 0.044762 
280 282 0.036196 
281 283 0.04514 
284 286 0.039104 
285 287 0.037212 
288 290 0.035011 
289 291 0.042688 
292 294 0.028985 
293 296 0.029563 
295 297 0.028141 
298 300 0.03229 
299 301 0.031337 
302 304 0.036052 
303 305 0.045796 
306 308 0.037318 
307 309 0.039087 
310 312 0.042774 
311 313 0.03829 
314 316 0.033743 
315 317 0.040112 
318 320 0.041794 
319 321 0.041664 
322 324 0.037372 
323 325 0.033706 
326 328 0.040893 
327 329 0.042191 
330 332 0.037692 
333 335 0.047536 
334 336 0.036162 
337 339 0.042593 
338 340 0.039274 
341 343 0.033155 
342 344 0.037797 
345 347 0.041639 
346 348 0.039346 
349 351 0.039554 
350 352 0.036791 
353 355 0.044308 
354 356 0.042702 
357 359 0.04994 
358 360 0.031301 
361 363 0.041512 
362 364 0.043714 
365 367 0.038767 
366 368 0.044226 
369 371 0.051737 
370 373 0.04164 
372 374 0.063507 
380 382 0.079943 
381 384 0.056778 
383 385 0.051072 
386 388 0.061138 
387 389 0.047115 
390 392 0.041279 
391 393 0.039672 
394 396 0.038391 
395 397 0.045518 
398 400 0.040217 
399 401 0.036771 
402 404 0.041025 
403 405 0.041243 
406 408 0.043013 
407 409 0.043225 
410 412 0.038206 
411 413 0.043368 
414 416 0.040122 
415 417 0.03565 
418 420 0.045572 
419 421 0.042842 
422 424 0.038055 
423 426 0.026594 
425 427 0.045776 
428 430 0.039847 
429 431 0.04233 
432 434 0.045943 
433 435 0.036486 
436 438 0.04177 
437 439 0.042686 
440 442 0.052193 
441 444 0.025671 
443 445 0.057076 
446 448 0.037641 
447 449 0.04253 
450 452 0.037065 
451 453 0.047773 
454 456 0.042031 
455 457 0.03911 
458 460 0.044309 
459 461 0.042364 
462 464 0.039307 
463 466 0.037692 
465 467 0.043333 
468 470 0.048237 
469 471 0.045061 
472 532 0.0012464 
473 475 0.054293 
474 476 0.050351 
477 479 0.040396 
478 480 0.043166 
481 483 0.043937 
482 484 0.054716 
485 487 0.043599 
486 488 0.042063 
489 491 0.042391 
490 492 0.046148 
493 495 0.043293 
494 497 0.028098 
496 498 0.038419 
499 501 0.045574 
500 502 0.043583 
503 505 0.040301 
504 506 0.042452 
507 509 0.041526 
508 510 0.039342 
511 513 0.038312 
512 514 0.038139 
515 517 0.035276 
516 518 0.033893 
519 521 0.03759 
520 522 0.036889 
523 525 0.04873 
524 526 0.045129 
527 529 0.054302 
528 530 0.067648 
531 533 0.037626 
534 536 0.053253 
535 538 0.03301 
537 539 0.050568 
540 542 0.043413 
541 543 0.045363 
544 546 0.045364 
545 548 0.030007 
547 549 0.035993 
550 552 0.040542 
551 553 0.054183 
554 556 0.10027 
555 557 0.11912 
