perfect matching with 2516 nodes and 194368 edges
    starting init...done [0.020 secs]. 26 trees
    .24.16.8.6.4.2.0.
done [0.055 secs]. 375 grows, 4 expands, 146 shrinks
    expands: [0.000 secs], shrinks: [0.003 secs], dual updates: [0.000 secs]
cost = -18882865994.0
% Blossom V computed a matching of size 220 and weight 9.441432999999998
562 567 0.030666 
563 565 0.0616 
564 566 0.04763 
568 570 0.044863 
569 572 0.031861 
571 573 0.037927 
574 576 0.038125 
575 577 0.042308 
578 580 0.046328 
579 581 0.045913 
582 584 0.056527 
583 585 0.043321 
586 588 0.041495 
587 589 0.041479 
590 592 0.03923 
591 593 0.043177 
594 596 0.038906 
595 597 0.046027 
598 600 0.040973 
599 601 0.048075 
602 604 0.042311 
603 605 0.048368 
606 608 0.047363 
607 609 0.043068 
610 612 0.043278 
611 613 0.041289 
614 616 0.04479 
615 617 0.042112 
618 620 0.030816 
619 621 0.041136 
622 624 0.039636 
623 625 0.038475 
626 628 0.038604 
627 629 0.041283 
630 632 0.040717 
631 633 0.039478 
634 636 0.046839 
635 638 0.03559 
637 639 0.045976 
640 642 0.031994 
641 643 0.038624 
644 646 0.032341 
645 647 0.036931 
648 650 0.044573 
649 651 0.05118 
652 654 0.04269 
653 655 0.034615 
656 658 0.038469 
657 659 0.048331 
660 662 0.042087 
661 663 0.040946 
664 666 0.040016 
665 667 0.036337 
668 670 0.048135 
669 671 0.030872 
672 674 0.043498 
673 675 0.037441 
676 678 0.039186 
677 680 0.033539 
679 681 0.045532 
682 684 0.03399 
683 685 0.03285 
686 688 0.042758 
687 689 0.04234 
690 692 0.060819 
691 693 0.046081 
694 696 0.040056 
695 697 0.037934 
698 700 0.039061 
699 701 0.035239 
702 704 0.036962 
703 705 0.038467 
706 708 0.031359 
707 709 0.045303 
710 712 0.04504 
711 713 0.041556 
714 716 0.055887 
715 717 0.051526 
724 726 0.089705 
725 727 0.057758 
728 730 0.056098 
729 731 0.053639 
732 737 0.029169 
733 735 0.041756 
734 736 0.052347 
738 740 0.046896 
739 741 0.052106 
742 745 0.028748 
743 747 0.049956 
744 746 0.047384 
748 750 0.044225 
749 751 0.040999 
752 754 0.03996 
753 755 0.039878 
756 758 0.043588 
757 759 0.048429 
760 762 0.03544 
761 763 0.041443 
764 766 0.048062 
765 767 0.046942 
768 770 0.04709 
769 771 0.066339 
772 774 0.06085 
773 775 0.062653 
776 778 0.045472 
777 779 0.038052 
780 782 0.037621 
781 783 0.044516 
784 786 0.036649 
785 787 0.045338 
788 790 0.039202 
789 791 0.044562 
792 794 0.036203 
793 795 0.0378 
796 798 0.046899 
797 799 0.039773 
800 802 0.03727 
801 803 0.039243 
804 806 0.03668 
805 808 0.028526 
807 809 0.038952 
810 812 0.041827 
811 813 0.038162 
814 816 0.044822 
815 818 0.03146 
817 819 0.039587 
820 822 0.045287 
821 823 0.03841 
824 826 0.04208 
825 828 0.030795 
827 829 0.040156 
830 832 0.034613 
831 833 0.045583 
834 836 0.044727 
835 838 0.028391 
837 839 0.04105 
840 842 0.040842 
841 843 0.042954 
844 846 0.042929 
845 847 0.038516 
848 850 0.036781 
849 851 0.036398 
852 854 0.043885 
853 855 0.041083 
856 858 0.035519 
857 859 0.038136 
860 862 0.031076 
861 863 0.042253 
864 866 0.039782 
865 867 0.043603 
868 870 0.037228 
869 871 0.03984 
872 874 0.042526 
873 875 0.041728 
876 878 0.039452 
877 879 0.040898 
880 882 0.040562 
881 883 0.040845 
884 886 0.038325 
887 889 0.043877 
888 890 0.047983 
891 893 0.048572 
892 894 0.049766 
895 897 0.045171 
896 898 0.044266 
899 901 0.03844 
900 902 0.037347 
903 905 0.042004 
904 906 0.046742 
907 909 0.044851 
908 911 0.025895 
910 912 0.036865 
913 915 0.057547 
914 916 0.037183 
917 919 0.045562 
918 920 0.045065 
921 923 0.04157 
922 924 0.046843 
925 927 0.041843 
926 928 0.043886 
929 931 0.041564 
930 932 0.051189 
933 935 0.048196 
934 936 0.042761 
937 939 0.042018 
938 940 0.044249 
941 943 0.044091 
942 944 0.041598 
945 947 0.03668 
946 949 0.040513 
948 950 0.042575 
951 953 0.047571 
952 954 0.04226 
955 957 0.041846 
956 958 0.043241 
959 961 0.042243 
960 962 0.047161 
963 965 0.052245 
964 966 0.042837 
967 969 0.047853 
968 970 0.041638 
971 973 0.042074 
972 974 0.042882 
975 977 0.044237 
976 978 0.04917 
979 981 0.043534 
980 982 0.049836 
983 985 0.049182 
984 986 0.047746 
987 989 0.045985 
988 990 0.055427 
991 993 0.060873 
992 994 0.052407 
995 997 0.0395 
996 998 0.041072 
999 1001 0.042556 
1000 1002 0.040206 
1003 1005 0.043251 
1004 1007 0.045976 
1006 1008 0.071458 
