
Gurobi Optimizer version 7.5.1 build v7.5.1rc0 (linux64)
Copyright (c) 2017, Gurobi Optimization, Inc.

Read LP format model from file all.lp
Reading time = 1.15 seconds
obj: 1223 rows, 369463 columns, 738926 nonzeros
Optimize a model with 1223 rows, 369463 columns and 738926 nonzeros
Variable types: 0 continuous, 369463 integer (369463 binary)
Coefficient statistics:
  Matrix range     [1e+00, 1e+00]
  Objective range  [1e-05, 2e-02]
  Bounds range     [1e+00, 1e+00]
  RHS range        [5e+00, 5e+00]
Found heuristic solution: objective 1.0042
Presolve time: 1.56s
Presolved: 1223 rows, 369463 columns, 738926 nonzeros
Variable types: 0 continuous, 369463 integer (369463 binary)

Starting sifting (using dual simplex for sub-problems)...

    Iter     Pivots    Primal Obj      Dual Obj        Time
       0          0     infinity     -3.5236420e+00      2s
       1        964  -1.3483025e+00  -3.4325609e+00      2s
       2       2500  -1.5414934e+00  -3.3693868e+00      2s
       3       4107  -1.6747627e+00  -3.3204396e+00      2s
       4       5794  -1.7643634e+00  -3.2827317e+00      2s
       5       7485  -1.8476101e+00  -3.2269552e+00      2s
       6       9264  -1.9577102e+00  -3.1715891e+00      2s
       7      11160  -2.0599748e+00  -3.1287856e+00      3s
       8      13195  -2.1391540e+00  -3.0997635e+00      3s
       9      15268  -2.2098066e+00  -3.0733068e+00      3s
      10      17352  -2.2646301e+00  -3.0205658e+00      3s
      11      19602  -2.3620018e+00  -3.0000961e+00      3s
      12      21863  -2.4280326e+00  -2.9717441e+00      3s
      13      24301  -2.4952476e+00  -2.9547893e+00      3s
      14      26698  -2.5313272e+00  -2.9281833e+00      3s
      15      29209  -2.5618240e+00  -2.9096114e+00      3s
      16      31757  -2.5864979e+00  -2.8796940e+00      3s
      17      34257  -2.6191633e+00  -2.8561376e+00      4s
      18      36817  -2.6361554e+00  -2.8441174e+00      4s
      19      39357  -2.6514718e+00  -2.8311071e+00      4s
      20      41912  -2.6558473e+00  -2.8211123e+00      4s
      21      44509  -2.6682810e+00  -2.8137836e+00      4s
      22      47052  -2.6781545e+00  -2.8005485e+00      4s
      23      49550  -2.6940002e+00  -2.7829291e+00      4s
      24      51958  -2.6960815e+00  -2.7733561e+00      4s
      25      54367  -2.6961150e+00  -2.7662979e+00      5s
      26      56854  -2.7000266e+00  -2.7187466e+00      5s

Sifting complete


Root relaxation: objective 2.700065e+00, 58687 iterations, 3.07 seconds

    Nodes    |    Current Node    |     Objective Bounds      |     Work
 Expl Unexpl |  Obj  Depth IntInf | Incumbent    BestBd   Gap | It/Node Time

*    0     0               0       2.7000649    2.70006  0.00%     -    5s

Explored 0 nodes (58687 simplex iterations) in 5.78 seconds
Thread count was 16 (of 16 available processors)

Solution count 2: 2.70006 1.0042 

Optimal solution found (tolerance 1.00e-04)
Best objective 2.700064920000e+00, best bound 2.700064920000e+00, gap 0.0000%

Wrote result file 'all.sol'

% Gurobi computed a set of 2735 edges and weight 2.700064920000005
6 564 0.0087408 
6 1004 0.0094054 
6 1005 0.010379 
6 1006 0.010637 
6 1007 0.011395 
7 1004 0.010533 
7 1005 0.011428 
7 1006 0.011996 
7 1007 0.01281 
7 1008 0.013366 
8 1004 0.01211 
8 1005 0.013833 
8 1006 0.013973 
8 1007 0.014588 
8 1008 0.016512 
9 565 0.011914 
9 1005 0.013298 
9 1006 0.0152 
9 1007 0.013703 
9 1008 0.013989 
10 564 0.0082753 
10 567 0.0067799 
10 1005 0.0096482 
10 1006 0.010172 
10 1007 0.010823 
11 568 0.0041054 
11 569 0.0037877 
11 1000 0.0041371 
11 1002 0.0042177 
11 1003 0.0044078 
12 570 0.0034716 
12 573 0.0028495 
12 999 0.002953 
12 1001 0.0032727 
12 1002 0.0033921 
13 568 0.0030731 
13 572 0.0028245 
13 573 0.0026292 
13 1001 0.003124 
13 1003 0.0033194 
14 569 0.003584 
14 570 0.0030741 
14 998 0.0023228 
14 999 0.0025998 
14 1002 0.0029825 
15 573 0.0021366 
15 998 0.0021595 
15 1000 0.0030718 
15 1001 0.0024608 
15 1002 0.0026535 
16 575 0.0014739 
16 576 0.0016501 
16 996 0.0015284 
16 997 0.0017554 
16 998 0.0018997 
17 992 0.0013605 
17 994 0.0014941 
17 995 0.0014569 
17 996 0.0015567 
17 997 0.0019273 
18 991 0.0011529 
18 993 0.0012877 
18 995 0.0013602 
18 997 0.0017543 
18 999 0.0017369 
19 991 0.0011785 
19 993 0.0012546 
19 994 0.0015184 
19 996 0.0014996 
19 998 0.0017585 
20 989 0.0013024 
20 995 0.0013734 
20 996 0.0015672 
20 997 0.0016241 
20 998 0.0017689 
21 983 0.0010188 
21 990 0.00098555 
21 993 0.0012864 
21 995 0.0012655 
21 996 0.0013127 
22 985 0.0010368 
22 987 0.0010116 
22 989 0.00099762 
22 991 0.0009957 
22 994 0.0012443 
23 580 0.00097826 
23 978 0.00098469 
23 992 0.0011551 
23 994 0.0011478 
23 995 0.0011953 
24 968 0.00095669 
24 970 0.00092221 
24 980 0.00091903 
24 983 0.0010498 
24 988 0.0010454 
25 954 0.00074395 
25 964 0.00094843 
25 982 0.00083775 
25 989 0.00094359 
25 994 0.0011303 
26 599 0.00072931 
26 961 0.00091119 
26 986 0.00093885 
26 989 0.00094537 
26 990 0.00085857 
27 577 0.0010447 
27 586 0.00093536 
27 980 0.0007943 
27 986 0.0009056 
27 988 0.00096706 
28 966 0.00070208 
28 982 0.00078784 
28 986 0.00078684 
28 987 0.00075347 
28 993 0.0010825 
29 963 0.00071985 
29 974 0.00069774 
29 985 0.00087116 
29 986 0.00077139 
29 991 0.00081005 
30 961 0.00086834 
30 975 0.00074088 
30 984 0.00090345 
30 992 0.0009186 
30 1258 0.0011874 
31 964 0.00082887 
31 971 0.00099617 
31 975 0.0008129 
31 978 0.00091382 
31 982 0.00077314 
32 977 0.00092138 
32 983 0.00086896 
32 987 0.00094579 
32 990 0.00093512 
32 991 0.00090682 
33 915 0.0007515 
33 974 0.00076762 
33 979 0.00083411 
33 985 0.00077585 
33 988 0.00080443 
34 951 0.00070067 
34 960 0.00070932 
34 972 0.00084265 
34 981 0.00069509 
34 988 0.00075525 
35 967 0.00080208 
35 972 0.0008359 
35 978 0.00081725 
35 987 0.00090347 
35 989 0.00087733 
36 945 0.00074595 
36 946 0.00066829 
36 950 0.00073268 
36 977 0.00073607 
36 978 0.00083346 
37 940 0.00062901 
37 947 0.00066593 
37 969 0.00063622 
37 973 0.00076388 
37 975 0.0007268 
38 956 0.00078385 
38 964 0.00076065 
38 974 0.0006868 
38 976 0.00070035 
38 986 0.00090502 
39 586 0.00072621 
39 933 0.00065375 
39 962 0.00078693 
39 971 0.00087172 
39 972 0.0007936 
40 942 0.00061965 
40 950 0.00059555 
40 959 0.00062281 
40 968 0.00072318 
40 971 0.00076757 
41 886 0.00054519 
41 896 0.00061366 
41 910 0.00061425 
41 962 0.00078765 
41 966 0.00069202 
42 901 0.00068048 
42 963 0.00067337 
42 967 0.00063614 
42 981 0.00069129 
42 990 0.00075791 
43 939 0.00068103 
43 946 0.00063479 
43 948 0.00071294 
43 952 0.00063746 
43 958 0.0005998 
44 921 0.00060115 
44 922 0.00072449 
44 946 0.00065885 
44 968 0.00085612 
44 975 0.00076097 
45 613 0.00056935 
45 939 0.00074782 
45 962 0.00070723 
45 967 0.00072924 
45 976 0.00063536 
46 820 0.00073175 
46 854 0.00075053 
46 943 0.00064733 
46 957 0.00066628 
46 979 0.00081082 
47 604 0.00057493 
47 932 0.00057041 
47 954 0.00058561 
47 956 0.00073087 
47 977 0.00067031 
48 954 0.00059833 
48 955 0.00071081 
48 957 0.00071494 
48 963 0.00065203 
48 974 0.0006608 
49 955 0.00071393 
49 961 0.00077152 
49 979 0.00077129 
49 980 0.00071868 
49 1255 0.00060682 
50 590 0.00054783 
50 956 0.00072916 
50 958 0.00054531 
50 970 0.00063312 
50 982 0.00064753 
51 927 0.00058274 
51 947 0.00061261 
51 951 0.00063205 
51 970 0.00068199 
51 973 0.00076791 
52 914 0.00070319 
52 966 0.00077232 
52 973 0.00079082 
52 976 0.00073346 
52 987 0.00084968 
53 931 0.00063973 
53 968 0.00081848 
53 969 0.00068811 
53 971 0.00084509 
53 977 0.00070981 
54 596 0.00050041 
54 896 0.00052032 
54 968 0.00065181 
54 981 0.00064223 
54 984 0.00075341 
55 597 0.00060989 
55 889 0.00069333 
55 965 0.00062196 
55 977 0.0006562 
55 984 0.00068288 
56 915 0.00059491 
56 936 0.00061661 
56 965 0.00056817 
56 972 0.00068606 
56 978 0.00068923 
57 593 0.00048802 
57 926 0.00059226 
57 944 0.00057148 
57 979 0.0006361 
57 982 0.00065281 
58 593 0.00068781 
58 594 0.00067135 
58 921 0.0006237 
58 922 0.00078053 
58 988 0.00080722 
59 594 0.00067927 
59 971 0.00082911 
59 983 0.00078713 
59 984 0.0010906 
59 985 0.000904 
60 902 0.00056875 
60 945 0.00064252 
60 954 0.00057976 
60 964 0.00068265 
60 985 0.00089057 
61 913 0.00054995 
61 918 0.00047809 
61 945 0.00058481 
61 953 0.00057919 
61 972 0.00066338 
62 597 0.00055506 
62 869 0.00054257 
62 938 0.00052992 
62 965 0.00054619 
62 984 0.00074378 
63 593 0.00046254 
63 824 0.0004529 
63 866 0.00046899 
63 918 0.00043893 
63 980 0.00054615 
64 912 0.00053077 
64 940 0.00059121 
64 943 0.00066416 
64 948 0.0006156 
64 976 0.00072623 
65 605 0.00049117 
65 928 0.00055654 
65 929 0.0005535 
65 948 0.00071155 
65 956 0.00063641 
66 929 0.00053999 
66 932 0.00058397 
66 947 0.00062781 
66 959 0.00058877 
66 962 0.00062691 
67 596 0.00056842 
67 841 0.00051919 
67 861 0.00050587 
67 879 0.00059339 
67 967 0.00060484 
68 622 0.00052776 
68 879 0.00055851 
68 949 0.00059867 
68 974 0.00057032 
68 1240 0.00058104 
69 877 0.00051897 
69 901 0.00069311 
69 907 0.00059352 
69 930 0.00059691 
69 979 0.00069446 
70 589 0.00050263 
70 885 0.00051468 
70 930 0.00053004 
70 932 0.00052734 
70 955 0.00072531 
71 595 0.00047108 
71 942 0.00065206 
71 945 0.00054435 
71 953 0.00048273 
71 1257 0.0012087 
72 919 0.00047926 
72 926 0.00050285 
72 928 0.00054515 
72 948 0.00057231 
72 950 0.00054829 
73 804 0.00050966 
73 878 0.00048071 
73 890 0.00047598 
73 935 0.00052074 
73 953 0.00052111 
74 599 0.00044668 
74 924 0.00051949 
74 946 0.00048718 
74 956 0.00063075 
74 960 0.00055618 
75 946 0.00050578 
75 963 0.00060014 
75 970 0.00053772 
75 973 0.00063252 
75 981 0.00062306 
76 646 0.00055043 
76 889 0.00073802 
76 905 0.00063942 
76 917 0.00061852 
76 920 0.00054514 
77 888 0.00051668 
77 909 0.0004641 
77 930 0.00053812 
77 938 0.00053623 
77 961 0.00070292 
78 812 0.00055303 
78 880 0.00055264 
78 898 0.00053766 
78 927 0.00055048 
78 967 0.00055517 
79 913 0.00056538 
79 933 0.00051567 
79 938 0.0006496 
79 949 0.00053607 
79 975 0.00064029 
80 605 0.00048167 
80 618 0.00051589 
80 811 0.00047844 
80 891 0.00047852 
80 969 0.00055021 
81 871 0.0004992 
81 889 0.00064607 
81 894 0.00048038 
81 917 0.00056482 
81 935 0.0004765 
82 605 0.00054907 
82 848 0.00047122 
82 884 0.00047017 
82 951 0.00055748 
82 960 0.00057384 
83 600 0.00044361 
83 880 0.00050967 
83 920 0.00047235 
83 937 0.00054113 
83 969 0.00055256 
84 603 0.00051928 
84 635 0.0005013 
84 810 0.00050792 
84 901 0.00058205 
84 970 0.00053593 
85 586 0.00060663 
85 650 0.00048551 
85 849 0.00053556 
85 929 0.00053819 
85 952 0.00056489 
86 844 0.0004502 
86 849 0.00047617 
86 912 0.00045302 
86 923 0.00044916 
86 933 0.00047118 
87 680 0.00046907 
87 845 0.00047852 
87 893 0.00051256 
87 923 0.00053447 
87 957 0.00058689 
88 885 0.00053439 
88 887 0.00052222 
88 923 0.00068517 
88 932 0.00056621 
88 951 0.00059527 
89 838 0.00056124 
89 870 0.00060296 
89 892 0.00063304 
89 965 0.00066357 
89 966 0.00062377 
90 853 0.00047969 
90 876 0.00046686 
90 898 0.00050986 
90 938 0.00054734 
90 981 0.00061396 
91 863 0.00048014 
91 869 0.00050586 
91 919 0.0005549 
91 959 0.00055903 
91 1036 0.00062347 
92 637 0.00045297 
92 881 0.00051422 
92 958 0.00067481 
92 966 0.00062256 
92 973 0.00063217 
93 821 0.00048916 
93 894 0.00048898 
93 909 0.00053665 
93 923 0.00049135 
93 933 0.00055428 
94 642 0.0007763 
94 669 0.0012164 
94 895 0.00047494 
94 936 0.00067628 
94 1257 0.00125 
95 847 0.00045426 
95 857 0.00050009 
95 905 0.00053345 
95 917 0.00066583 
95 951 0.00056037 
96 901 0.00062135 
96 912 0.00048815 
96 924 0.00054075 
96 944 0.00058802 
96 1255 0.00052597 
97 893 0.00050167 
97 911 0.0004808 
97 921 0.00043051 
97 922 0.00049495 
97 935 0.00045576 
98 813 0.00046706 
98 902 0.00058356 
98 916 0.00049871 
98 931 0.00050569 
98 934 0.00050529 
99 876 0.00049205 
99 899 0.00048877 
99 907 0.00051323 
99 934 0.00055224 
99 936 0.00051929 
100 610 0.0004596 
100 861 0.00044346 
100 871 0.00047767 
100 875 0.00051811 
100 905 0.0004841 
101 881 0.00046974 
101 900 0.00058144 
101 941 0.00049443 
101 955 0.00066103 
101 957 0.00060084 
102 782 0.00045106 
102 797 0.00044138 
102 913 0.00054007 
102 939 0.00057189 
102 1244 0.00047442 
103 587 0.00054114 
103 825 0.00048463 
103 863 0.00048516 
103 884 0.00060872 
103 896 0.00054666 
104 844 0.0004297 
104 880 0.00045675 
104 885 0.00044882 
104 930 0.00052805 
104 943 0.00053667 
105 869 0.0004891 
105 903 0.0005366 
105 916 0.00050562 
105 918 0.00045379 
105 952 0.00054302 
106 803 0.00051356 
106 822 0.00055731 
106 932 0.00049953 
106 960 0.00063887 
106 1033 0.00064338 
107 883 0.00058298 
107 900 0.00047219 
107 906 0.00048391 
107 912 0.000442 
107 1224 0.00046712 
108 641 0.00051503 
108 847 0.00043541 
108 912 0.00053507 
108 931 0.00056344 
108 1035 0.00066601 
109 616 0.00045036 
109 619 0.0004351 
109 826 0.00048211 
109 920 0.00047756 
109 928 0.00053072 
110 617 0.00045503 
110 860 0.00049586 
110 861 0.00046667 
110 931 0.00052634 
110 941 0.00049303 
111 842 0.00050882 
111 902 0.00049704 
111 919 0.00054977 
111 940 0.00054966 
111 943 0.00066623 
112 823 0.00047801 
112 858 0.00051833 
112 875 0.00053521 
112 924 0.00053998 
112 934 0.0004677 
113 810 0.00048406 
113 848 0.000552 
113 877 0.00046718 
113 937 0.00053324 
113 950 0.00050927 
114 824 0.00046905 
114 885 0.00044508 
114 909 0.0004477 
114 924 0.00048897 
114 940 0.00048787 
115 814 0.00042311 
115 876 0.00042864 
115 919 0.00045221 
115 940 0.00056236 
115 957 0.00060041 
116 795 0.00047716 
116 844 0.00049577 
116 860 0.00052639 
116 908 0.00054963 
116 910 0.00052341 
117 603 0.00045799 
117 851 0.00044408 
117 887 0.00045352 
117 944 0.00053666 
117 954 0.00045894 
118 670 0.00045314 
118 814 0.00045753 
118 879 0.00058676 
118 894 0.00047358 
118 943 0.00056203 
119 862 0.00050194 
119 872 0.00045088 
119 899 0.00048294 
119 910 0.00052241 
119 935 0.00049841 
120 595 0.00054069 
120 822 0.00050653 
120 874 0.0005973 
120 877 0.00058108 
120 907 0.00056231 
121 830 0.00049493 
121 864 0.00049653 
121 891 0.00055227 
121 899 0.00049902 
121 903 0.00063142 
122 834 0.0005179 
122 856 0.00053805 
122 865 0.00046665 
122 870 0.00050537 
122 928 0.0004979 
123 809 0.00043596 
123 828 0.00044899 
123 875 0.00047804 
123 900 0.00050093 
123 1232 0.0004553 
124 794 0.00054958 
124 856 0.0005491 
124 917 0.00055699 
124 952 0.00061254 
124 1215 0.00052812 
125 809 0.0003972 
125 883 0.00047047 
125 887 0.0004746 
125 929 0.00047683 
125 953 0.00046297 
126 895 0.00044572 
126 927 0.00049115 
126 958 0.00048166 
126 980 0.00056926 
126 1072 0.00050372 
127 601 0.00044227 
127 828 0.00045966 
127 927 0.00054291 
127 1223 0.00046288 
127 1228 0.00047524 
128 863 0.00051442 
128 893 0.00051411 
128 915 0.00051229 
128 960 0.00060649 
128 1219 0.00049572 
129 822 0.00046448 
129 836 0.0004439 
129 838 0.00050773 
129 850 0.00047657 
129 934 0.00048038 
130 858 0.00048887 
130 867 0.00055742 
130 909 0.00049065 
130 916 0.00047834 
130 918 0.00046461 
131 622 0.00046064 
131 623 0.00049587 
131 831 0.00045519 
131 920 0.00042729 
131 926 0.00046693 
132 641 0.00045735 
132 796 0.00042571 
132 872 0.00044096 
132 952 0.00051839 
132 1075 0.0004161 
133 598 0.00038658 
133 654 0.00040733 
133 816 0.00040308 
133 925 0.0004566 
133 947 0.0004684 
134 810 0.00045779 
134 839 0.00052504 
134 849 0.00043771 
134 884 0.00040839 
134 927 0.00044233 
135 790 0.00049077 
135 796 0.00059628 
135 819 0.00051542 
135 892 0.00053788 
135 963 0.00058373 
136 618 0.00051096 
136 820 0.00057152 
136 903 0.00050966 
136 941 0.0004686 
136 947 0.00053127 
137 858 0.00050213 
137 864 0.00042527 
137 929 0.0004425 
137 965 0.00045313 
137 1214 0.00046659 
138 830 0.00039159 
138 844 0.00038724 
138 905 0.00055149 
138 1203 0.00039145 
138 1244 0.00042184 
139 604 0.00049814 
139 800 0.0004977 
139 841 0.00052554 
139 865 0.00053435 
139 949 0.00051147 
140 610 0.00041765 
140 616 0.00041418 
140 620 0.00041057 
140 891 0.00049444 
140 1234 0.00041105 
141 785 0.0004066 
141 850 0.00042556 
141 888 0.00041074 
141 961 0.00061845 
141 1253 0.00047861 
142 867 0.00043315 
142 889 0.00060036 
142 925 0.00045583 
142 1245 0.00039593 
142 1246 0.00043886 
143 863 0.00040704 
143 884 0.00038065 
143 925 0.0004317 
143 938 0.00042085 
143 942 0.00049225 
144 863 0.00047098 
144 892 0.00058393 
144 905 0.00050086 
144 916 0.00048505 
144 942 0.00057527 
145 592 0.0004116 
145 635 0.00046073 
145 822 0.00047537 
145 838 0.00049154 
145 933 0.00048699 
146 628 0.00055291 
146 854 0.00074828 
146 908 0.0004462 
146 959 0.00046763 
146 1037 0.00043753 
147 843 0.0004537 
147 886 0.00042929 
147 931 0.00048075 
147 1204 0.00045716 
147 1230 0.00046299 
148 836 0.00047647 
148 841 0.00045028 
148 876 0.00042792 
148 886 0.00041096 
148 902 0.00055218 
149 829 0.00046271 
149 835 0.00048786 
149 906 0.00045292 
149 955 0.00052817 
149 1243 0.00045058 
150 890 0.00046042 
150 895 0.00047546 
150 939 0.00057074 
150 958 0.00053705 
150 1243 0.00045567 
151 794 0.00048422 
151 926 0.00049892 
151 948 0.0005989 
151 1044 0.00048215 
151 1197 0.0004397 
152 819 0.00042144 
152 840 0.0004235 
152 873 0.00046645 
152 874 0.00050441 
152 890 0.00041693 
153 813 0.00043864 
153 870 0.00049194 
153 882 0.00055843 
153 936 0.00047731 
153 1235 0.00042792 
154 820 0.00045499 
154 825 0.00045587 
154 856 0.00051901 
154 914 0.00052282 
154 928 0.00053569 
155 874 0.00066379 
155 877 0.0004671 
155 907 0.00046962 
155 1043 0.00043517 
155 1229 0.0003916 
156 800 0.00041813 
156 831 0.00044005 
156 837 0.00039082 
156 950 0.00047206 
156 1029 0.00042346 
157 615 0.00052487 
157 628 0.00062224 
157 882 0.00060712 
157 930 0.00059869 
157 1238 0.00051627 
158 642 0.00043521 
158 802 0.00045127 
158 904 0.00042212 
158 915 0.00044986 
158 944 0.00054107 
159 615 0.00047751 
159 625 0.00046881 
159 860 0.00056129 
159 908 0.00050492 
159 1032 0.00052804 
160 640 0.00048325 
160 877 0.00055976 
160 1217 0.00052498 
160 1231 0.00053196 
160 1252 0.00058103 
161 837 0.00053036 
161 866 0.00047788 
161 868 0.00044327 
161 882 0.00058468 
161 908 0.00049478 
162 823 0.0004546 
162 848 0.0004236 
162 910 0.00046393 
162 934 0.00042565 
162 1209 0.00042302 
163 623 0.00043371 
163 624 0.00044218 
163 815 0.00045944 
163 857 0.00053208 
163 942 0.00049231 
164 635 0.00044192 
164 851 0.00045948 
164 862 0.00045002 
164 890 0.00039561 
164 895 0.00044316 
165 616 0.00055561 
165 840 0.00040153 
165 859 0.00049451 
165 870 0.00049843 
165 1094 0.0011347 
166 641 0.00044297 
166 669 0.00043663 
166 834 0.00051262 
166 854 0.00074892 
166 909 0.00043796 
167 623 0.00041622 
167 835 0.00048457 
167 845 0.00044881 
167 914 0.0004682 
167 1033 0.00053646 
168 615 0.00041354 
168 811 0.00045026 
168 847 0.00045325 
168 899 0.00045602 
168 911 0.00044167 
169 603 0.00045586 
169 638 0.00044848 
169 852 0.00044258 
169 856 0.00048391 
169 862 0.00042916 
170 794 0.00046141 
170 851 0.00045717 
170 904 0.00039589 
170 911 0.00044581 
170 1022 0.00042735 
171 620 0.00051866 
171 664 0.00050523 
171 832 0.00047645 
171 873 0.0004926 
171 883 0.00049514 
172 821 0.00052816 
172 826 0.0004578 
172 898 0.0004599 
172 949 0.00052122 
172 1024 0.00047765 
173 599 0.00047897 
173 622 0.0004373 
173 785 0.00044387 
173 802 0.00043548 
173 1225 0.00059244 
174 592 0.00049462 
174 646 0.00046806 
174 834 0.00047399 
174 883 0.00053677 
174 1239 0.0004577 
175 600 0.00046659 
175 637 0.00042596 
175 1017 0.00047852 
175 1026 0.00046726 
175 1211 0.00045348 
176 595 0.00048704 
176 819 0.00044822 
176 865 0.00047591 
176 949 0.00046699 
176 1217 0.00048049 
177 594 0.00047193 
177 820 0.00045498 
177 900 0.00052618 
177 1166 0.0004511 
177 1256 0.0007134 
178 683 0.00045794 
178 862 0.00043833 
178 869 0.0004776 
178 1025 0.00043644 
178 1224 0.00045996 
179 833 0.00049167 
179 857 0.00043383 
179 875 0.00052526 
179 878 0.00040323 
179 1182 0.0004073 
180 669 0.00041567 
180 783 0.00042315 
180 1041 0.00040935 
180 1202 0.00041594 
180 1237 0.00044718 
181 604 0.00049857 
181 793 0.00045224 
181 922 0.00054757 
181 1243 0.00044412 
181 1253 0.00053084 
182 596 0.000412 
182 804 0.00040179 
182 846 0.00038612 
182 852 0.00039574 
182 904 0.00040333 
183 813 0.00047214 
183 838 0.00050376 
183 870 0.00060886 
183 925 0.00053971 
183 1044 0.00048169 
184 617 0.00044001 
184 861 0.00042306 
184 941 0.00050595 
184 1018 0.00047452 
184 1034 0.00045426 
185 841 0.00054198 
185 1020 0.00061015 
185 1023 0.00056007 
185 1026 0.00053846 
185 1252 0.00059947 
186 663 0.00044237 
186 795 0.00048484 
186 802 0.0012813 
186 821 0.00043068 
186 908 0.00046498 
187 609 0.00050407 
187 845 0.00050195 
187 937 0.00059455 
187 1045 0.00049467 
187 1236 0.00053763 
188 627 0.00052323 
188 794 0.00054823 
188 825 0.00046691 
188 1023 0.00046432 
188 1215 0.00048743 
189 824 0.00049839 
189 910 0.0005023 
189 911 0.00051461 
189 1023 0.00052514 
189 1026 0.00055155 
190 614 0.00043546 
190 827 0.00045636 
190 911 0.00047047 
190 1241 0.00044865 
190 1245 0.00042939 
191 666 0.00046906 
191 860 0.00059958 
191 1029 0.0005545 
191 1074 0.00050683 
191 1255 0.00048619 
192 826 0.00039384 
192 829 0.00038526 
192 853 0.00037335 
192 888 0.00043652 
192 907 0.00044569 
193 606 0.00049231 
193 667 0.00043798 
193 913 0.00054264 
193 936 0.00047734 
193 1216 0.00041127 
194 864 0.00057339 
194 871 0.00054486 
194 898 0.00050025 
194 962 0.00062955 
194 1193 0.00048739 
195 832 0.00061055 
195 945 0.00070798 
195 1055 0.00052968 
195 1244 0.00056396 
195 1248 0.00057044 
196 829 0.0005045 
196 906 0.00066559 
196 926 0.000571 
196 944 0.00058992 
196 1111 0.0010028 
197 593 0.00045219 
197 783 0.00042198 
197 919 0.00044797 
197 1208 0.0004467 
197 1253 0.00055596 
198 628 0.00052509 
198 868 0.0004315 
198 878 0.00045872 
198 1025 0.00042565 
198 1244 0.00044595 
199 600 0.00043431 
199 824 0.00048434 
199 873 0.00070467 
199 1030 0.00052235 
199 1240 0.00047464 
200 808 0.00043345 
200 818 0.00041618 
200 829 0.00046607 
200 890 0.00041928 
200 1189 0.00045936 
201 915 0.00042874 
201 923 0.00047208 
201 924 0.00046213 
201 1045 0.00039624 
201 1234 0.00040323 
202 674 0.00041487 
202 833 0.00053864 
202 866 0.00050759 
202 903 0.00056995 
202 1050 0.00043802 
203 893 0.00045811 
203 920 0.00046085 
203 953 0.00047428 
203 1062 0.00045816 
203 1219 0.00061235 
204 635 0.00049987 
204 652 0.00043021 
204 925 0.00049101 
204 1016 0.0005312 
204 1031 0.00043178 
205 771 0.00047199 
205 855 0.00068899 
205 914 0.00053452 
205 1242 0.00049496 
205 1247 0.00043912 
206 604 0.00053268 
206 798 0.00041607 
206 916 0.00042598 
206 1238 0.00049067 
206 1242 0.00043201 
207 858 0.00045524 
207 1023 0.00047009 
207 1156 0.00042406 
207 1226 0.00046575 
207 1242 0.00046521 
208 650 0.00049995 
208 806 0.00040831 
208 875 0.00044135 
208 1026 0.00050424 
208 1226 0.0004467 
209 836 0.0004441 
209 904 0.00042473 
209 1016 0.00051719 
209 1019 0.0004243 
209 1254 0.0004843 
210 596 0.00054662 
210 862 0.00049618 
210 917 0.00056751 
210 1052 0.00049892 
210 1054 0.00048276 
211 594 0.00074438 
211 922 0.00079196 
211 1024 0.00070995 
211 1051 0.00072017 
211 1158 0.00078973 
212 594 0.00052371 
212 598 0.00045238 
212 856 0.00061472 
212 1250 0.00049832 
212 1251 0.0005527 
213 831 0.00045913 
213 867 0.00050786 
213 897 0.00046818 
213 1246 0.00048941 
213 1248 0.00041535 
214 679 0.00050114 
214 869 0.00043767 
214 1235 0.00044747 
214 1239 0.00043097 
214 1252 0.00052273 
215 795 0.00047698 
215 842 0.00051456 
215 1237 0.00050322 
215 1253 0.00052316 
215 1258 0.0011324 
216 662 0.00043243 
216 887 0.0004727 
216 939 0.00055322 
216 1017 0.00052828 
216 1251 0.00063248 
217 646 0.00040972 
217 874 0.00047142 
217 1030 0.00043478 
217 1226 0.00038878 
217 1248 0.00038641 
218 658 0.00040462 
218 881 0.00048799 
218 888 0.00046546 
218 1218 0.00043486 
218 1238 0.00045403 
219 887 0.00045191 
219 1218 0.00044868 
219 1233 0.00050339 
219 1245 0.00044885 
219 1246 0.00053244 
220 832 0.00044919 
220 1020 0.00057015 
220 1208 0.00042667 
220 1242 0.00044493 
220 1248 0.00043408 
221 663 0.00044559 
221 683 0.00042925 
221 904 0.00044747 
221 1225 0.00063612 
221 1252 0.00049166 
222 664 0.00046895 
222 792 0.00043685 
222 837 0.00044978 
222 1024 0.00049355 
222 1251 0.00055362 
223 629 0.00043703 
223 1031 0.00042689 
223 1138 0.00049367 
223 1241 0.00041106 
223 1255 0.00045196 
224 803 0.00048064 
224 1017 0.00047819 
224 1034 0.00044754 
224 1230 0.0004786 
224 1250 0.00048581 
225 797 0.00051415 
225 895 0.00044682 
225 1028 0.0005431 
225 1094 0.0016165 
225 1258 0.0010305 
226 662 0.00041304 
226 830 0.00044989 
226 859 0.00046053 
226 897 0.00049209 
226 1094 0.00086002 
227 838 0.00050716 
227 894 0.0004686 
227 1026 0.00048403 
227 1034 0.00046015 
227 1190 0.00044131 
228 833 0.00051153 
228 848 0.00048946 
228 858 0.00046434 
228 867 0.00049533 
228 969 0.00056368 
229 817 0.0007085 
229 1174 0.00055235 
229 1198 0.00058013 
229 1222 0.00051724 
229 1239 0.00057802 
230 1022 0.00045268 
230 1039 0.0004371 
230 1223 0.00041379 
230 1238 0.00044907 
230 1243 0.00042913 
231 591 0.00065647 
231 607 0.00049008 
231 823 0.00052905 
231 896 0.00049821 
231 1027 0.00049475 
232 831 0.00048429 
232 834 0.00050739 
232 836 0.00045887 
232 894 0.00045935 
232 1021 0.00045755 
233 591 0.00060287 
233 684 0.00046039 
233 906 0.00050424 
233 937 0.00056842 
233 1047 0.00067318 
234 805 0.00042703 
234 826 0.00045204 
234 837 0.00044128 
234 1016 0.0004306 
234 1249 0.00044862 
235 674 0.00039204 
235 789 0.00043332 
235 807 0.00041298 
235 865 0.00048003 
235 1232 0.00042056 
236 815 0.00044089 
236 1018 0.00043122 
236 1028 0.00048991 
236 1073 0.00040194 
236 1198 0.0004464 
237 900 0.00053333 
237 1032 0.00054393 
237 1202 0.00049092 
237 1225 0.00070996 
237 1237 0.00051944 
238 625 0.00042145 
238 670 0.00043847 
238 847 0.00045529 
238 1234 0.00042285 
238 1251 0.00051296 
239 817 0.000509 
239 824 0.00047372 
239 873 0.00050978 
239 935 0.00043129 
239 1069 0.00047834 
240 868 0.00043473 
240 1018 0.00050065 
240 1058 0.00042447 
240 1244 0.00046226 
240 1245 0.00043832 
241 850 0.00046086 
241 1052 0.00047682 
241 1064 0.00043129 
241 1195 0.0004141 
241 1206 0.00050977 
242 620 0.00047555 
242 815 0.00045758 
242 819 0.00046686 
242 896 0.00051607 
242 914 0.00049658 
243 818 0.00048174 
243 1017 0.00052211 
243 1192 0.00049538 
243 1239 0.00046113 
243 1241 0.00045376 
244 1021 0.00052869 
244 1022 0.0005052 
244 1237 0.00051632 
244 1241 0.00051776 
244 1251 0.00059486 
245 879 0.00051404 
245 1052 0.00048166 
245 1218 0.00047814 
245 1249 0.00046163 
245 1250 0.00046928 
246 816 0.00043966 
246 1042 0.00039607 
246 1048 0.00039567 
246 1228 0.00046663 
246 1231 0.00045227 
247 804 0.00042002 
247 902 0.00045597 
247 1027 0.00045281 
247 1232 0.00043455 
247 1236 0.00043451 
248 671 0.00041479 
248 941 0.00050787 
248 1031 0.0004302 
248 1199 0.00046961 
248 1200 0.00047432 
249 673 0.00048355 
249 703 0.00044471 
249 886 0.00044818 
249 1046 0.00045956 
249 1225 0.00067079 
250 655 0.00047309 
250 674 0.00055385 
250 842 0.00051923 
250 849 0.00052184 
250 855 0.00072041 
251 643 0.00040516 
251 842 0.00044784 
251 1029 0.00042628 
251 1042 0.00039319 
251 1221 0.00045799 
252 803 0.00061436 
252 1068 0.00048282 
252 1213 0.00051958 
252 1214 0.00052294 
252 1236 0.00050851 
253 812 0.00060168 
253 822 0.00058467 
253 835 0.00059758 
253 1088 0.00053233 
253 1224 0.00055064 
254 844 0.00044071 
254 846 0.00048522 
254 859 0.0004594 
254 1039 0.00045306 
254 1208 0.00042591 
255 680 0.00042634 
255 864 0.00048638 
255 898 0.00053391 
255 1203 0.00039424 
255 1242 0.00048743 
256 811 0.00049664 
256 813 0.00044831 
256 1172 0.00043678 
256 1200 0.00045867 
256 1215 0.00048991 
257 793 0.00042585 
257 828 0.00043016 
257 842 0.00049115 
257 880 0.00046312 
257 1164 0.00064925 
258 631 0.00047976 
258 686 0.0005143 
258 790 0.00053009 
258 1037 0.00050543 
258 1044 0.0006146 
259 627 0.0005285 
259 803 0.00054611 
259 825 0.00050293 
259 1061 0.00048363 
259 1071 0.00049735 
260 766 0.00045014 
260 815 0.00048427 
260 840 0.0004758 
260 861 0.00047 
260 868 0.00045139 
261 1029 0.00049473 
261 1061 0.0005573 
261 1077 0.00053626 
261 1224 0.00049248 
261 1227 0.00044799 
262 809 0.00049597 
262 816 0.00043613 
262 841 0.00044877 
262 866 0.00045888 
262 871 0.00047626 
263 786 0.00042811 
263 811 0.0004642 
263 830 0.00044043 
263 855 0.00061529 
263 1022 0.00046193 
264 671 0.00045895 
264 816 0.00050105 
264 1081 0.00056095 
264 1179 0.00049706 
264 1211 0.00046771 
265 640 0.00043782 
265 1045 0.00044338 
265 1078 0.00048268 
265 1194 0.0004784 
265 1223 0.00045276 
266 623 0.00046071 
266 800 0.00046661 
266 850 0.00047418 
266 1036 0.0006731 
266 1205 0.00045556 
267 631 0.00046736 
267 782 0.00045972 
267 859 0.00058623 
267 864 0.00046795 
267 1182 0.00051119 
268 746 0.00046215 
268 793 0.00044662 
268 860 0.00045757 
268 1212 0.00047631 
268 1240 0.00048297 
269 802 0.00048672 
269 848 0.00057721 
269 1049 0.00050786 
269 1079 0.00049179 
269 1183 0.00048738 
270 620 0.00051775 
270 655 0.00057545 
270 876 0.00049562 
270 893 0.00059537 
270 1081 0.0005404 
271 756 0.00045907 
271 769 0.00046148 
271 1080 0.00047512 
271 1190 0.0004548 
271 1221 0.00047615 
272 666 0.00043577 
272 669 0.00046308 
272 855 0.00060522 
272 1060 0.00049519 
272 1219 0.00046377 
273 618 0.00053804 
273 806 0.00053009 
273 1016 0.0004749 
273 1069 0.00047834 
273 1205 0.00047069 
274 683 0.00049353 
274 798 0.0004374 
274 1067 0.00040856 
274 1209 0.00041385 
274 1240 0.00044248 
275 631 0.00045737 
275 1073 0.00043559 
275 1170 0.00052795 
275 1199 0.00045739 
275 1202 0.00045617 
276 755 0.0005049 
276 770 0.0005408 
276 796 0.0004871 
276 803 0.00054291 
276 1068 0.00048474 
277 749 0.00051057 
277 846 0.00044871 
277 872 0.00043043 
277 1081 0.00049165 
277 1234 0.00043203 
278 657 0.00047873 
278 677 0.00044863 
278 778 0.0004771 
278 1193 0.00053963 
278 1213 0.0004498 
279 756 0.0005564 
279 774 0.00050304 
279 855 0.00064595 
279 1047 0.00058303 
279 1212 0.00052874 
280 763 0.00051497 
280 1064 0.00047711 
280 1065 0.00054267 
280 1164 0.00060027 
280 1225 0.00062255 
281 806 0.00045028 
281 1058 0.00044649 
281 1060 0.00047701 
281 1070 0.00045713 
281 1220 0.00047019 
282 746 0.00047894 
282 749 0.00051925 
282 804 0.00047621 
282 845 0.00053142 
282 1076 0.00049736 
283 653 0.00048996 
283 662 0.00052665 
283 709 0.00047641 
283 1069 0.00056968 
283 1177 0.00050513 
284 679 0.00048999 
284 802 0.00045014 
284 1018 0.00045124 
284 1062 0.0004803 
284 1211 0.00045493 
285 679 0.00044657 
285 1057 0.00044797 
285 1078 0.000486 
285 1163 0.00044553 
285 1206 0.00048254 
286 619 0.00052192 
286 780 0.00051723 
286 793 0.00053025 
286 1196 0.00052465 
286 1223 0.00053937 
287 765 0.00049821 
287 800 0.0005341 
287 1021 0.00050765 
287 1062 0.00046498 
287 1175 0.00050787 
288 655 0.00055582 
288 664 0.00059927 
288 665 0.00054398 
288 827 0.00052663 
288 1167 0.00054597 
289 677 0.00055611 
289 1187 0.00045114 
289 1200 0.0005289 
289 1205 0.00062124 
289 1212 0.00050597 
290 752 0.00047726 
290 811 0.00050477 
290 1175 0.00048181 
290 1184 0.00048539 
290 1239 0.00054939 
291 1065 0.00057661 
291 1067 0.00081433 
291 1173 0.00046488 
291 1175 0.00046971 
291 1228 0.00051827 
292 676 0.00051693 
292 758 0.0005612 
292 1202 0.00055857 
292 1209 0.0005628 
292 1233 0.00060693 
293 785 0.00057208 
293 795 0.00054489 
293 837 0.00056119 
293 1069 0.00060626 
293 1194 0.00056151 
294 785 0.00053365 
294 795 0.0005279 
294 1167 0.00052841 
294 1216 0.00055412 
294 1230 0.00047672 
295 1033 0.000746 
295 1167 0.00058331 
295 1214 0.00063663 
295 1216 0.00062089 
295 1217 0.00062562 
296 833 0.00079668 
296 1170 0.00054215 
296 1196 0.00055999 
296 1206 0.00054373 
296 1231 0.0005571 
297 664 0.00057507 
297 1063 0.00050963 
297 1179 0.0005531 
297 1184 0.0005063 
297 1196 0.00056118 
298 649 0.000578 
298 704 0.0005657 
298 883 0.0006749 
298 1096 0.00056784 
298 1171 0.00059807 
299 752 0.00059761 
299 1040 0.00063397 
299 1088 0.00064017 
299 1184 0.00059041 
299 1233 0.0006142 
300 1040 0.00062396 
300 1176 0.00056572 
300 1179 0.00050968 
300 1181 0.00052447 
300 1192 0.00056881 
301 677 0.00052231 
301 786 0.00051287 
301 1070 0.00056246 
301 1073 0.00050714 
301 1192 0.00060728 
302 743 0.00054265 
302 766 0.00048529 
302 767 0.00053283 
302 830 0.00050947 
302 1163 0.00048822 
303 762 0.00056131 
303 1035 0.00075272 
303 1037 0.00054243 
303 1072 0.00062879 
303 1195 0.00053379 
304 680 0.00053032 
304 797 0.00050925 
304 1033 0.00063337 
304 1041 0.00052949 
304 1062 0.00052124 
305 673 0.00053508 
305 1060 0.00049109 
305 1151 0.00053377 
305 1167 0.00050943 
305 1195 0.00048528 
306 753 0.00060301 
306 754 0.00057401 
306 1065 0.00066133 
306 1091 0.00054111 
306 1167 0.00055035 
307 757 0.00059472 
307 1077 0.00057795 
307 1089 0.00059495 
307 1168 0.00053454 
307 1221 0.00057286 
308 711 0.0007759 
308 759 0.00066674 
308 778 0.00064188 
308 1086 0.00058008 
308 1147 0.00061382 
309 708 0.00055104 
309 762 0.00055313 
309 814 0.00052922 
309 1088 0.00063011 
309 1180 0.00057337 
310 746 0.00053624 
310 1071 0.00053322 
310 1170 0.00055759 
310 1180 0.00059171 
310 1185 0.00052621 
311 673 0.00062929 
311 695 0.00055758 
311 699 0.00055866 
311 769 0.0005821 
311 1183 0.00057359 
312 660 0.00058535 
312 745 0.00060321 
312 752 0.00054126 
312 784 0.00057723 
312 1204 0.00058821 
313 677 0.00061045 
313 759 0.00065427 
313 779 0.00056436 
313 1058 0.00059104 
313 1161 0.00063418 
314 755 0.00058606 
314 763 0.00059343 
314 1032 0.00060205 
314 1063 0.00058737 
314 1084 0.00061334 
315 710 0.00059742 
315 749 0.0006185 
315 761 0.00063505 
315 1076 0.00055539 
315 1211 0.00056435 
316 685 0.00054061 
316 708 0.00053801 
316 1077 0.00062475 
316 1177 0.0005646 
316 1198 0.00056987 
317 735 0.00080759 
317 757 0.00071283 
317 1081 0.00074804 
317 1083 0.00067917 
317 1194 0.00065026 
318 698 0.00055578 
318 753 0.00059451 
318 1080 0.00056723 
318 1144 0.00053414 
318 1175 0.00055219 
319 678 0.00061728 
319 805 0.00057478 
319 1100 0.00071536 
319 1101 0.00064947 
319 1203 0.00057961 
320 786 0.00056321 
320 1093 0.00057679 
320 1095 0.00057529 
320 1102 0.00061007 
320 1180 0.000709 
321 672 0.00056372 
321 745 0.0006348 
321 1079 0.00062679 
321 1147 0.00056901 
321 1168 0.00060818 
322 675 0.00057861 
322 750 0.00056122 
322 759 0.00060212 
322 1179 0.00059526 
322 1182 0.00058148 
323 751 0.00068248 
323 754 0.00065123 
323 1092 0.000595 
323 1145 0.00057585 
323 1174 0.00058002 
324 1096 0.000657 
324 1166 0.00058376 
324 1181 0.00061837 
324 1184 0.00062877 
324 1192 0.00060548 
325 697 0.00067619 
325 1071 0.00070803 
325 1076 0.00075864 
325 1091 0.00076333 
325 1176 0.0006978 
326 702 0.00060095 
326 752 0.00057305 
326 1093 0.00058051 
326 1148 0.0006136 
326 1185 0.00062527 
327 759 0.00071482 
327 1066 0.0007665 
327 1090 0.00063143 
327 1161 0.0006314 
327 1187 0.00065888 
328 685 0.00065734 
328 1065 0.00076718 
328 1098 0.00070976 
328 1148 0.00073192 
328 1164 0.00077063 
329 683 0.00069273 
329 744 0.00075205 
329 755 0.00072038 
329 1101 0.00076273 
329 1102 0.00075173 
330 742 0.00064772 
330 1034 0.00066254 
330 1070 0.00066918 
330 1092 0.00068225 
330 1189 0.00068408 
331 730 0.00092588 
331 754 0.00072763 
331 1083 0.00072626 
331 1087 0.00071532 
331 1102 0.00074628 
332 750 0.00071318 
332 770 0.00085742 
332 1137 0.00079295 
332 1151 0.00080109 
332 1191 0.00074907 
333 697 0.00074401 
333 713 0.00075793 
333 1085 0.0008291 
333 1103 0.00085332 
333 1109 0.00084869 
334 696 0.00077806 
334 699 0.00069329 
334 731 0.00080628 
334 1103 0.00075732 
334 1105 0.00079496 
335 735 0.00099518 
335 751 0.00073779 
335 765 0.00073634 
335 1066 0.00082678 
335 1104 0.00065229 
336 712 0.00071091 
336 751 0.00072922 
336 755 0.00072838 
336 1083 0.00068763 
336 1099 0.00063334 
337 737 0.00093522 
337 749 0.00083703 
337 1074 0.00093716 
337 1152 0.00086558 
337 1182 0.00080692 
338 769 0.00098021 
338 1106 0.0009235 
338 1144 0.00090557 
338 1171 0.00096827 
338 1172 0.0013239 
339 699 0.00073167 
339 1082 0.0007794 
339 1085 0.00081184 
339 1092 0.00074647 
339 1093 0.00072841 
340 702 0.00074363 
340 706 0.00081736 
340 735 0.00097961 
340 743 0.00075941 
340 1110 0.00087434 
341 686 0.00083689 
341 709 0.00079764 
341 751 0.00087062 
341 1101 0.00080518 
341 1105 0.00088593 
342 751 0.00083679 
342 762 0.00079852 
342 1100 0.00086203 
342 1113 0.0010341 
342 1138 0.00082446 
343 707 0.00083446 
343 711 0.00092053 
343 739 0.00082376 
343 1092 0.00089316 
343 1165 0.00072561 
344 1101 0.00079108 
344 1105 0.00085664 
344 1108 0.00082661 
344 1136 0.00090875 
344 1141 0.00084417 
345 703 0.00099981 
345 1106 0.00084924 
345 1108 0.00090421 
345 1142 0.00101 
345 1143 0.00088584 
346 741 0.00087381 
346 743 0.00092253 
346 744 0.00085389 
346 745 0.00091117 
346 1150 0.00080054 
347 731 0.00089365 
347 740 0.00099382 
347 1143 0.00090434 
347 1145 0.00076331 
347 1148 0.0007833 
348 706 0.00084628 
348 732 0.00096988 
348 1100 0.0010406 
348 1108 0.0011135 
348 1109 0.00097299 
349 704 0.0010137 
349 740 0.0010548 
349 1096 0.00098183 
349 1106 0.0010708 
349 1136 0.0011327 
350 702 0.0010151 
350 707 0.00087265 
350 736 0.0010425 
350 1143 0.00091662 
350 1164 0.00099331 
351 708 0.00087945 
351 714 0.00094394 
351 1095 0.00085599 
351 1140 0.0009716 
351 1142 0.0010265 
352 712 0.00099517 
352 731 0.0011008 
352 1102 0.00095199 
352 1136 0.0010478 
352 1138 0.0010419 
353 712 0.0010788 
353 713 0.00090101 
353 1106 0.0011186 
353 1112 0.0011727 
353 1141 0.00085139 
354 737 0.0009629 
354 738 0.00096241 
354 1111 0.0011541 
354 1112 0.0010257 
354 1141 0.00095941 
355 711 0.0010618 
355 713 0.0010366 
355 743 0.00092582 
355 1139 0.0011264 
355 1140 0.00095278 
356 710 0.0011802 
356 730 0.0012107 
356 1095 0.0016364 
356 1099 0.0011331 
356 1135 0.0011707 
357 712 0.0009793 
357 1103 0.0010364 
357 1107 0.0009181 
357 1110 0.0010655 
357 1148 0.00095216 
358 733 0.0014766 
358 1109 0.0014126 
358 1111 0.0014248 
358 1113 0.0014846 
358 1135 0.0012615 
359 712 0.0011379 
359 716 0.0015165 
359 735 0.0013251 
359 1138 0.0011025 
359 1140 0.0012601 
360 716 0.0015625 
360 730 0.0011912 
360 1112 0.0012138 
360 1135 0.0010698 
360 1141 0.0011501 
361 732 0.0011712 
361 1114 0.0013612 
361 1115 0.0013153 
361 1134 0.0013399 
361 1137 0.001294 
362 736 0.0013203 
362 1113 0.0013945 
362 1114 0.0012247 
362 1133 0.0014556 
362 1134 0.0014073 
363 715 0.0016453 
363 728 0.0014518 
363 732 0.0013661 
363 1114 0.0013892 
363 1139 0.0014604 
364 709 0.001586 
364 1132 0.0019435 
364 1135 0.0017138 
364 1136 0.001622 
364 1137 0.0015814 
365 714 0.0016036 
365 715 0.0019207 
365 728 0.0017082 
365 1109 0.0016927 
365 1133 0.0017122 
366 729 0.0020907 
366 733 0.0018623 
366 1116 0.002375 
366 1130 0.0020141 
366 1134 0.0019473 
367 714 0.001834 
367 728 0.0020843 
367 729 0.0021585 
367 1132 0.0021122 
367 1134 0.0019572 
368 729 0.0022348 
368 1113 0.002288 
368 1116 0.0024352 
368 1117 0.0024449 
368 1135 0.0018597 
369 715 0.0025255 
369 717 0.0023534 
369 1117 0.0027458 
369 1132 0.0026636 
369 1134 0.0023244 
370 716 0.0028311 
370 1115 0.0025771 
370 1117 0.0030533 
370 1131 0.0027309 
370 1133 0.0026716 
371 728 0.0030072 
371 1116 0.0032178 
371 1117 0.0033426 
371 1129 0.0039068 
371 1130 0.0029917 
372 717 0.003392 
372 726 0.0044883 
372 1118 0.0039473 
372 1128 0.0049478 
372 1130 0.003829 
373 724 0.0057588 
373 725 0.0057586 
373 726 0.0055808 
373 1128 0.0060312 
373 1129 0.00504 
374 724 0.0064054 
374 725 0.00614 
374 1118 0.0052373 
374 1127 0.0066367 
374 1128 0.0063195 
380 724 0.0068799 
380 1024 0.0070241 
380 1117 0.0059903 
380 1127 0.0075266 
380 1128 0.0069255 
381 724 0.0067552 
381 725 0.0069776 
381 1118 0.0058606 
381 1127 0.0067815 
381 1128 0.0073265 
382 717 0.0040746 
382 726 0.0054015 
382 1127 0.0061194 
382 1129 0.0053825 
382 1130 0.0041802 
383 724 0.0049462 
383 725 0.0051862 
383 726 0.0046191 
383 1116 0.0035975 
383 1118 0.0041723 
384 717 0.0032578 
384 725 0.0046213 
384 1127 0.0041648 
384 1131 0.0029952 
384 1132 0.0030317 
385 726 0.004049 
385 727 0.0039139 
385 1118 0.0032267 
385 1130 0.0029541 
385 1132 0.0029422 
386 727 0.0031971 
386 728 0.0023929 
386 731 0.0023806 
386 1116 0.0026944 
386 1129 0.0033925 
387 716 0.0022568 
387 727 0.002834 
387 730 0.0020055 
387 1115 0.0020695 
387 1129 0.0028398 
388 727 0.0027539 
388 734 0.0021088 
388 1114 0.0018203 
388 1115 0.0019277 
388 1131 0.0021051 
389 714 0.0016384 
389 727 0.0024485 
389 734 0.001892 
389 1114 0.0014848 
389 1131 0.0017173 
390 714 0.0014596 
390 717 0.001624 
390 734 0.0016823 
390 735 0.0015135 
390 1110 0.001441 
391 703 0.0013434 
391 710 0.0013126 
391 730 0.0014442 
391 1112 0.0015195 
391 1131 0.0017008 
392 731 0.0012637 
392 736 0.0013952 
392 739 0.0012689 
392 1115 0.0013075 
392 1141 0.0011327 
393 736 0.0014652 
393 1107 0.0011623 
393 1113 0.0014196 
393 1133 0.0013563 
393 1143 0.0012098 
394 711 0.0012263 
394 713 0.0010896 
394 729 0.0012683 
394 741 0.0012141 
394 1111 0.0013025 
395 709 0.0010334 
395 713 0.001099 
395 733 0.0013428 
395 734 0.0013753 
395 1137 0.0011777 
396 729 0.0013343 
396 736 0.0012583 
396 1112 0.0013048 
396 1133 0.0013772 
396 1139 0.001211 
397 710 0.001054 
397 715 0.0012533 
397 733 0.0011476 
397 737 0.0011906 
397 738 0.0010834 
398 711 0.00086038 
398 715 0.0010198 
398 738 0.00078505 
398 747 0.00082531 
398 1103 0.00081188 
399 716 0.0013693 
399 733 0.001145 
399 1110 0.0010862 
399 1136 0.0010957 
399 1138 0.00097575 
400 704 0.00093947 
400 740 0.0011983 
400 1111 0.0013595 
400 1137 0.0010606 
400 1139 0.00097344 
401 739 0.001259 
401 1099 0.0010205 
401 1110 0.0010512 
401 1142 0.0010502 
401 1143 0.001048 
402 732 0.00076884 
402 734 0.0011332 
402 740 0.00088101 
402 744 0.00098751 
402 1105 0.00094396 
403 708 0.00094789 
403 745 0.00086866 
403 753 0.0010221 
403 1108 0.00089412 
403 1140 0.00085688 
404 704 0.00067388 
404 1102 0.00066407 
404 1109 0.00087706 
404 1140 0.0008178 
404 1152 0.00069414 
405 732 0.00075581 
405 741 0.00084345 
405 1083 0.00075034 
405 1108 0.00085273 
405 1150 0.00074447 
406 879 0.00095109 
406 1080 0.0007439 
406 1086 0.00074285 
406 1091 0.0007566 
406 1152 0.00077531 
407 1087 0.00070275 
407 1095 0.0008097 
407 1100 0.00083707 
407 1101 0.00077028 
407 1162 0.00072817 
408 708 0.00069237 
408 746 0.00073389 
408 749 0.00070125 
408 1093 0.00073173 
408 1103 0.00075837 
409 738 0.00078536 
409 1099 0.00081241 
409 1107 0.00076236 
409 1139 0.00082675 
409 1177 0.00078966 
410 741 0.00074828 
410 746 0.00067798 
410 758 0.00076432 
410 1104 0.0006811 
410 1107 0.00067607 
411 745 0.000823 
411 1094 0.00076961 
411 1142 0.0008512 
411 1147 0.00076263 
411 1172 0.000772 
412 699 0.00065077 
412 1090 0.00074367 
412 1091 0.0007204 
412 1147 0.00066815 
412 1171 0.00076993 
413 697 0.00069341 
413 737 0.00077942 
413 738 0.00076794 
413 741 0.00083749 
413 1084 0.0007738 
414 739 0.00081856 
414 740 0.00076587 
414 1104 0.00072533 
414 1149 0.00063463 
414 1178 0.00066396 
415 750 0.00071566 
415 757 0.00082342 
415 765 0.00066958 
415 1087 0.00067673 
415 1104 0.00065518 
416 695 0.00062922 
416 754 0.00076427 
416 1082 0.00061357 
416 1095 0.00064247 
416 1105 0.00072741 
417 750 0.00069294 
417 755 0.00071053 
417 792 0.00063813 
417 1146 0.00064046 
417 1191 0.00066165 
418 753 0.00061022 
418 1091 0.00058976 
418 1096 0.00062942 
418 1152 0.0006453 
418 1172 0.00060014 
419 1085 0.00075755 
419 1088 0.00062356 
419 1098 0.00063486 
419 1106 0.00066724 
419 1171 0.00065244 
420 703 0.00073109 
420 1077 0.00080192 
420 1085 0.00074847 
420 1089 0.00077963 
420 1165 0.00074241 
421 770 0.00064844 
421 1083 0.00064499 
421 1093 0.00062245 
421 1163 0.00056418 
421 1184 0.00059752 
422 785 0.00066083 
422 1084 0.00075275 
422 1089 0.00078573 
422 1147 0.00064979 
422 1180 0.00069328 
423 757 0.00067521 
423 1084 0.00067518 
423 1087 0.00062099 
423 1166 0.00061108 
423 1185 0.00063094 
424 709 0.0018767 
424 1074 0.00071469 
424 1089 0.00068363 
424 1097 0.0006145 
424 1150 0.00061395 
425 1037 0.00066915 
425 1089 0.00075601 
425 1145 0.0006596 
425 1171 0.00068636 
425 1174 0.00062709 
426 744 0.00075135 
426 757 0.00068829 
426 1084 0.00072402 
426 1218 0.00063744 
426 1221 0.00068644 
427 737 0.00072069 
427 758 0.00067864 
427 1058 0.00057473 
427 1152 0.00065553 
427 1162 0.00059723 
428 663 0.00056233 
428 798 0.00057309 
428 1094 0.00054747 
428 1185 0.00055777 
428 1189 0.00059071 
429 770 0.00068404 
429 1077 0.0006843 
429 1080 0.00061814 
429 1090 0.00061901 
429 1175 0.00064172 
430 742 0.00059765 
430 744 0.00061301 
430 758 0.0006668 
430 1086 0.00059125 
430 1100 0.00071643 
431 674 0.0005515 
431 704 0.00056587 
431 1150 0.00054995 
431 1180 0.00061193 
431 1181 0.00056158 
432 1075 0.00063081 
432 1082 0.00055119 
432 1164 0.00054797 
432 1189 0.00053278 
432 1194 0.00054014 
433 690 0.00054543 
433 699 0.00051088 
433 1060 0.00057343 
433 1070 0.00058435 
433 1210 0.00050795 
434 1061 0.00052208 
434 1076 0.00055367 
434 1096 0.00055496 
434 1156 0.00052685 
434 1176 0.00051605 
435 700 0.00056124 
435 808 0.00053787 
435 1061 0.00053852 
435 1071 0.00058484 
435 1177 0.00058002 
436 625 0.00062844 
436 706 0.00065546 
436 766 0.00066292 
436 1079 0.00068164 
436 1081 0.00069572 
437 756 0.00055509 
437 832 0.0005635 
437 1090 0.00051897 
437 1092 0.000575 
437 1221 0.00051368 
438 636 0.00051009 
438 747 0.00051065 
438 763 0.00052047 
438 782 0.00051937 
438 1189 0.00053979 
439 628 0.00071688 
439 739 0.0006205 
439 794 0.00057999 
439 1073 0.00052604 
439 1179 0.00066631 
440 1057 0.00049968 
440 1073 0.00049048 
440 1085 0.00060111 
440 1213 0.00046992 
440 1218 0.00053411 
441 669 0.00056344 
441 789 0.00050659 
441 1057 0.00049536 
441 1088 0.00052635 
441 1190 0.00053972 
442 779 0.00046369 
442 1064 0.0005787 
442 1151 0.00047394 
442 1181 0.00047301 
442 1227 0.00046985 
443 646 0.00070329 
443 753 0.00064604 
443 821 0.00071722 
443 1191 0.00063628 
443 1232 0.00065556 
444 702 0.00054174 
444 789 0.00063854 
444 1087 0.00068348 
444 1170 0.00055291 
444 1204 0.00057161 
445 762 0.0006105 
445 1025 0.00054985 
445 1039 0.00047843 
445 1049 0.00061251 
445 1182 0.00048424 
446 1040 0.00061945 
446 1047 0.00063001 
446 1069 0.00060013 
446 1070 0.00055507 
446 1208 0.00053016 
447 1040 0.00087122 
447 1047 0.00062363 
447 1054 0.00054892 
447 1066 0.00072648 
447 1075 0.00073092 
448 673 0.00050001 
448 754 0.00049213 
448 782 0.00055488 
448 1186 0.000471 
448 1220 0.00051496 
449 1045 0.00045894 
449 1050 0.00045968 
449 1065 0.00051633 
449 1172 0.00054458 
449 1191 0.00046402 
450 683 0.00048671 
450 812 0.0006808 
450 1066 0.00062908 
450 1161 0.00047982 
450 1250 0.00047575 
451 1030 0.00054751 
451 1049 0.00054967 
451 1178 0.00052281 
451 1188 0.0005512 
451 1208 0.00051974 
452 1028 0.00051247 
452 1040 0.00059924 
452 1053 0.00048182 
452 1195 0.00050072 
452 1219 0.00049171 
453 780 0.00063295 
453 1028 0.00059099 
453 1029 0.00060091 
453 1168 0.00059041 
453 1178 0.00056431 
454 626 0.000505 
454 1036 0.00063495 
454 1195 0.000512 
454 1205 0.00050377 
454 1206 0.00051419 
455 684 0.00048811 
455 1046 0.00049716 
455 1170 0.0004676 
455 1176 0.00051177 
455 1193 0.00046537 
456 798 0.00049381 
456 832 0.00052967 
456 1052 0.00055126 
456 1192 0.00055584 
456 1197 0.00047522 
457 627 0.00050069 
457 818 0.00044424 
457 1206 0.00054223 
457 1207 0.00047364 
457 1217 0.00057077 
458 761 0.00045263 
458 1046 0.00052905 
458 1202 0.00043359 
458 1211 0.00046204 
458 1234 0.0004617 
459 674 0.00043952 
459 781 0.00049979 
459 810 0.00045165 
459 1054 0.00044235 
459 1214 0.00054338 
460 750 0.0005229 
460 1072 0.00055138 
460 1185 0.00048229 
460 1201 0.00049464 
460 1204 0.00051174 
461 673 0.00051712 
461 796 0.00052971 
461 1050 0.00048911 
461 1061 0.00052902 
461 1200 0.00054742 
462 562 0.0071632 
462 771 0.00044207 
462 851 0.00050758 
462 1190 0.00054357 
462 1199 0.00048543 
463 641 0.00042987 
463 1032 0.00048424 
463 1049 0.00045465 
463 1071 0.00044637 
463 1075 0.00046221 
464 672 0.00046921 
464 809 0.00047554 
464 1042 0.0005175 
464 1200 0.00061665 
464 1240 0.0005317 
465 644 0.00054754 
465 800 0.00066079 
465 1023 0.00054172 
465 1080 0.00063686 
465 1163 0.00056208 
466 768 0.00047519 
466 793 0.00045826 
466 1044 0.00050945 
466 1177 0.00051214 
466 1199 0.00048532 
467 765 0.00045141 
467 789 0.00044668 
467 884 0.00045551 
467 1055 0.00046833 
467 1205 0.00045929 
468 787 0.00053922 
468 1021 0.00049153 
468 1066 0.00064825 
468 1074 0.00058825 
468 1079 0.00045218 
469 603 0.00051942 
469 696 0.0005565 
469 823 0.00053349 
469 865 0.00061086 
469 1039 0.00050346 
470 626 0.00044947 
470 637 0.00044879 
470 839 0.00055294 
470 1042 0.0004787 
470 1207 0.00045096 
471 867 0.00050945 
471 937 0.00052657 
471 1041 0.00045831 
471 1046 0.00045456 
471 1142 0.00054292 
472 642 0.00046421 
472 1019 0.0004086 
472 1034 0.0004316 
472 1186 0.00043481 
472 1191 0.00042344 
473 806 0.00052299 
473 1020 0.00054901 
473 1220 0.00049151 
473 1245 0.00047212 
473 1246 0.0004932 
474 635 0.00050157 
474 903 0.00057126 
474 1027 0.00050556 
474 1064 0.00049778 
474 1199 0.00053896 
475 608 0.00044683 
475 767 0.00045115 
475 1193 0.00050866 
475 1236 0.0004442 
475 1249 0.00043439 
476 648 0.00043515 
476 790 0.00047468 
476 854 0.00074583 
476 1062 0.00047042 
476 1250 0.0004827 
477 817 0.00057131 
477 849 0.00051292 
477 1025 0.00049732 
477 1041 0.00044747 
477 1072 0.00053311 
478 761 0.00054356 
478 809 0.00059946 
478 1212 0.00060766 
478 1220 0.00059056 
478 1246 0.00063636 
479 857 0.00051151 
479 1018 0.00050012 
479 1020 0.0005949 
479 1215 0.00058732 
479 1237 0.00051763 
480 889 0.0007397 
480 1072 0.00055658 
480 1213 0.00054043 
480 1214 0.00069737 
480 1215 0.00055885 
481 783 0.00041879 
481 817 0.00043976 
481 1024 0.00044559 
481 1028 0.00042121 
481 1068 0.00041376 
482 843 0.00047165 
482 880 0.00046895 
482 1021 0.00045508 
482 1037 0.00047069 
482 1193 0.00042316 
483 620 0.0004941 
483 636 0.00047443 
483 1036 0.00064196 
483 1064 0.00059035 
483 1233 0.00060031 
484 637 0.00043346 
484 641 0.00040651 
484 835 0.00046873 
484 1075 0.00047205 
484 1216 0.00045725 
485 670 0.00041295 
485 1060 0.00041315 
485 1216 0.00042559 
485 1233 0.00046242 
485 1241 0.00041344 
486 759 0.00047017 
486 839 0.00054697 
486 881 0.00052314 
486 1209 0.00046331 
486 1235 0.00048287 
487 664 0.00050526 
487 762 0.00048703 
487 796 0.00052317 
487 810 0.00046757 
487 1045 0.0004882 
488 758 0.00051525 
488 781 0.00043809 
488 813 0.00045681 
488 1046 0.00047259 
488 1181 0.00044081 
489 1020 0.00058499 
489 1190 0.00046731 
489 1231 0.00051999 
489 1238 0.00058269 
489 1252 0.00054174 
490 815 0.00050472 
490 821 0.00045364 
490 1017 0.00050932 
490 1047 0.000537 
490 1176 0.00047953 
491 648 0.00049426 
491 834 0.00054629 
491 840 0.00058204 
491 843 0.00057733 
491 882 0.0006361 
492 605 0.00045555 
492 761 0.00048227 
492 786 0.00043918 
492 1210 0.00045857 
492 1228 0.00047196 
493 606 0.00045726 
493 791 0.00044974 
493 882 0.00064024 
493 1212 0.00049631 
493 1213 0.00047635 
494 850 0.00048595 
494 897 0.00049817 
494 1036 0.00068654 
494 1203 0.00046105 
494 1243 0.00046537 
495 786 0.00050475 
495 797 0.00049026 
495 812 0.00057387 
495 1016 0.0005213 
495 1039 0.00054778 
496 797 0.00056401 
496 857 0.00059639 
496 1054 0.00061033 
496 1074 0.00061444 
496 1220 0.00065428 
497 630 0.00056035 
497 653 0.00051525 
497 847 0.0005512 
497 1033 0.00065034 
497 1217 0.0005278 
498 790 0.00044518 
498 897 0.0004969 
498 913 0.00051225 
498 1076 0.00045737 
498 1231 0.00050384 
499 622 0.00049475 
499 671 0.00048649 
499 790 0.00054254 
499 829 0.00050308 
499 1232 0.00051562 
500 612 0.00046052 
500 617 0.0004583 
500 627 0.00056947 
500 798 0.00047151 
500 892 0.00052802 
501 789 0.00045488 
501 805 0.0004787 
501 828 0.00052079 
501 881 0.00048731 
501 1203 0.0004834 
502 621 0.00042023 
502 622 0.00046297 
502 631 0.0004342 
502 874 0.0005282 
502 1236 0.00044164 
503 586 0.00058023 
503 600 0.00047997 
503 610 0.00049132 
503 851 0.00048103 
503 1035 0.00071983 
504 827 0.00046044 
504 835 0.000518 
504 839 0.00057736 
504 846 0.00046143 
504 892 0.00054082 
505 599 0.00042009 
505 612 0.00043621 
505 827 0.000419 
505 1019 0.00042146 
505 1054 0.00041347 
506 612 0.00050356 
506 614 0.00045781 
506 888 0.00054954 
506 1249 0.00051834 
506 1253 0.00047205 
507 613 0.00048879 
507 812 0.00055192 
507 871 0.00051046 
507 873 0.00051418 
507 1226 0.0004867 
508 608 0.00046663 
508 618 0.00057989 
508 806 0.00051379 
508 1032 0.00053279 
508 1228 0.00050484 
509 590 0.00054684 
509 595 0.00054705 
509 597 0.00054304 
509 831 0.00048327 
509 1209 0.00046049 
510 628 0.0006515 
510 633 0.00048593 
510 782 0.00044389 
510 817 0.00048499 
510 1031 0.0004444 
511 585 0.00059821 
511 778 0.00050217 
511 878 0.00051237 
511 1255 0.00051197 
511 1256 0.0006325 
512 608 0.00045094 
512 636 0.00046054 
512 845 0.00051583 
512 885 0.00048999 
512 891 0.00048742 
513 612 0.00051596 
513 616 0.00055666 
513 839 0.00063216 
513 843 0.00055421 
513 1025 0.00054885 
514 590 0.0005695 
514 617 0.00057089 
514 623 0.00054692 
514 671 0.0005269 
514 1030 0.00053892 
515 804 0.00050369 
515 833 0.0005984 
515 899 0.00050654 
515 1035 0.00072301 
515 1044 0.00052362 
516 589 0.00055562 
516 609 0.00048545 
516 615 0.00054814 
516 617 0.00053464 
516 1256 0.0006954 
517 627 0.00070005 
517 818 0.000435 
517 843 0.0004444 
517 891 0.00045669 
517 1022 0.00044718 
518 590 0.00052031 
518 592 0.00047032 
518 610 0.00048502 
518 859 0.00055682 
518 901 0.0005773 
519 585 0.00067772 
519 589 0.00053341 
519 595 0.00056786 
519 599 0.00048881 
519 854 0.00067551 
520 584 0.00096662 
520 591 0.00085025 
520 604 0.00071716 
520 897 0.00072983 
520 1030 0.00071811 
521 588 0.00070535 
521 625 0.00058571 
521 823 0.00055923 
521 826 0.00057891 
521 866 0.00056967 
522 589 0.00069944 
522 605 0.00051081 
522 625 0.00053774 
522 626 0.00050532 
522 1224 0.00048767 
523 585 0.00059171 
523 590 0.00051115 
523 592 0.00049697 
523 607 0.00054886 
523 631 0.00048455 
524 583 0.00058543 
524 596 0.00055195 
524 609 0.00047213 
524 976 0.00055413 
524 1174 0.0005185 
525 597 0.00051384 
525 703 0.00050098 
525 819 0.0005002 
525 959 0.00053874 
525 964 0.00068246 
526 584 0.00068483 
526 588 0.00055526 
526 602 0.00047452 
526 607 0.00050074 
526 646 0.00051657 
527 581 0.000683 
527 584 0.0005901 
527 588 0.00063193 
527 1226 0.00047804 
527 1256 0.00063149 
528 581 0.00084342 
528 585 0.00066324 
528 588 0.00070335 
528 592 0.00056207 
528 1256 0.00084843 
529 587 0.00057206 
529 591 0.00063504 
529 597 0.00052973 
529 612 0.00054629 
529 1035 0.00068482 
530 580 0.0007107 
530 583 0.00059164 
530 588 0.00062554 
530 607 0.00051295 
530 906 0.00055807 
531 579 0.00075427 
531 584 0.00068166 
531 587 0.00058154 
531 589 0.00055159 
531 603 0.00052543 
532 578 0.00093577 
532 579 0.00085974 
532 607 0.00055539 
532 615 0.00054367 
532 770 0.00073561 
533 581 0.00079634 
533 582 0.00061662 
533 601 0.00060123 
533 618 0.00062387 
533 1041 0.00069694 
534 577 0.0009078 
534 578 0.00098913 
534 580 0.00076069 
534 585 0.00060239 
534 600 0.000555 
535 583 0.00063717 
535 587 0.00061691 
535 593 0.00056252 
535 918 0.00055016 
535 1031 0.00054592 
536 577 0.0010527 
536 579 0.00094091 
536 586 0.00067442 
536 610 0.00061406 
536 983 0.00077407 
537 580 0.00081871 
537 581 0.00083769 
537 582 0.00072939 
537 583 0.00075379 
537 1257 0.0015341 
538 578 0.00097148 
538 579 0.00095286 
538 584 0.00068745 
538 992 0.00091292 
538 993 0.00089009 
539 576 0.0010743 
539 579 0.00086777 
539 582 0.00070887 
539 583 0.00075027 
539 587 0.00072044 
540 574 0.0012512 
540 575 0.00099908 
540 578 0.0010292 
540 581 0.00086147 
540 582 0.00070839 
541 577 0.0014007 
541 578 0.001168 
541 582 0.00078967 
541 992 0.00099322 
541 997 0.0012455 
542 575 0.0012748 
542 576 0.0012173 
542 580 0.00098218 
542 591 0.00092117 
542 990 0.0009206 
543 569 0.0020805 
543 574 0.0014558 
543 575 0.0014725 
543 576 0.0013148 
543 577 0.0013573 
544 571 0.002264 
544 574 0.0015791 
544 575 0.0018354 
544 999 0.0017262 
544 1000 0.0020318 
545 568 0.0025314 
545 569 0.0029402 
545 572 0.0026039 
545 574 0.0018987 
545 576 0.0016276 
546 571 0.0028291 
546 572 0.0026299 
546 573 0.002423 
546 574 0.0019095 
546 999 0.0021513 
547 568 0.0029362 
547 570 0.003078 
547 571 0.0030888 
547 572 0.0028161 
547 573 0.0026009 
548 568 0.0033618 
548 569 0.0031748 
548 570 0.0034326 
548 571 0.0033255 
548 1001 0.0031144 
549 566 0.0049413 
549 567 0.0044253 
549 570 0.0036391 
549 571 0.0032885 
549 572 0.0031968 
550 564 0.007065 
550 566 0.00615 
550 567 0.0051414 
550 1000 0.0043798 
550 1001 0.0040061 
551 563 0.011669 
551 564 0.0082792 
551 565 0.010517 
551 566 0.0088059 
551 567 0.007726 
552 562 0.011089 
552 563 0.011527 
552 565 0.010939 
552 566 0.0086239 
552 567 0.0073504 
553 562 0.012595 
553 563 0.012091 
553 564 0.009476 
553 565 0.009734 
553 566 0.008733 
554 562 0.010513 
554 563 0.010635 
554 565 0.0080767 
554 1004 0.0077715 
554 1008 0.011079 
555 563 0.0083509 
555 1000 0.0042181 
555 1003 0.0045848 
555 1004 0.007904 
555 1008 0.0088473 
556 562 0.0094032 
556 772 0.0037019 
556 1003 0.004828 
556 1257 0.0041425 
556 1258 0.0045994 
557 772 0.0037725 
557 1002 0.0043576 
557 1003 0.0051346 
557 1257 0.0047628 
557 1258 0.0062659 
