
Gurobi Optimizer version 7.5.1 build v7.5.1rc0 (linux64)
Copyright (c) 2017, Gurobi Optimization, Inc.

Read LP format model from file all.lp
Reading time = 0.50 seconds
obj: 441 rows, 96555 columns, 193110 nonzeros
Optimize a model with 441 rows, 96555 columns and 193110 nonzeros
Variable types: 0 continuous, 96555 integer (96555 binary)
Coefficient statistics:
  Matrix range     [1e+00, 1e+00]
  Objective range  [1e-05, 9e-02]
  Bounds range     [1e+00, 1e+00]
  RHS range        [5e+00, 5e+00]
Found heuristic solution: objective 33.8482
Presolve time: 0.29s
Presolved: 441 rows, 96555 columns, 193110 nonzeros
Variable types: 0 continuous, 96555 integer (96555 binary)

Starting sifting (using dual simplex for sub-problems)...

    Iter     Pivots    Primal Obj      Dual Obj        Time
       0          0     infinity     -8.2660154e+01      0s
       1        441   2.5173000e+10  -7.7653928e+01      0s
       2       1082   2.0459000e+10  -7.6508556e+01      0s
       3       1743   1.5695000e+10  -7.5606739e+01      0s
       4       2409   1.2529000e+10  -7.4906549e+01      0s
       5       3065   9.8810000e+09  -7.4127807e+01      0s
       6       3715   6.5170000e+09  -7.2688277e+01      0s
       7       4368   2.6330000e+09  -7.0087344e+01      1s
       8       5379  -1.5086089e+01  -6.9158011e+01      1s
       9       6188  -1.9941935e+01  -6.5691165e+01      1s
      10       6991  -2.0526739e+01  -6.2765599e+01      1s
      11       7773  -2.1894374e+01  -5.9425497e+01      1s
      12       8602  -2.6537826e+01  -5.5077725e+01      1s
      13       9477  -2.9184382e+01  -4.9747613e+01      1s
      14      10376  -3.2299691e+01  -4.3450227e+01      1s
      15      11334  -3.5605558e+01  -3.9767256e+01      1s
      16      12116  -3.7374371e+01  -3.7967685e+01      1s

Sifting complete


Root relaxation: objective 3.741276e+01, 12675 iterations, 0.40 seconds

    Nodes    |    Current Node    |     Objective Bounds      |     Work
 Expl Unexpl |  Obj  Depth IntInf | Incumbent    BestBd   Gap | It/Node Time

     0     0   37.41276    0   25   33.84819   37.41276  10.5%     -    0s
H    0     0                      37.3762752   37.41276  0.10%     -    1s
H    0     0                      37.3999891   37.41276  0.03%     -    2s
     0     0   37.41148    0   33   37.39999   37.41148  0.03%     -    3s
     0     0   37.41148    0   25   37.39999   37.41148  0.03%     -    3s
     0     0   37.40756    0   33   37.39999   37.40756  0.02%     -    3s
     0     0   37.40646    0   35   37.39999   37.40646  0.02%     -    3s
     0     0   37.40550    0   19   37.39999   37.40550  0.01%     -    3s
     0     0   37.40550    0   25   37.39999   37.40550  0.01%     -    3s
     0     0   37.40550    0   15   37.39999   37.40550  0.01%     -    3s
     0     0   37.40517    0    4   37.39999   37.40517  0.01%     -    3s
     0     0   37.40494    0    5   37.39999   37.40494  0.01%     -    3s
     0     0   37.40494    0   24   37.39999   37.40494  0.01%     -    3s
     0     0   37.40289    0   84   37.39999   37.40289  0.01%     -    3s

Cutting planes:
  Gomory: 13
  MIR: 4
  Zero half: 11

Explored 1 nodes (15134 simplex iterations) in 4.03 seconds
Thread count was 16 (of 16 available processors)

Solution count 3: 37.4 37.3763 33.8482 

Optimal solution found (tolerance 1.00e-04)
Best objective 3.739998910000e+01, best bound 3.740288728750e+01, gap 0.0077%

Wrote result file 'all.sol'

% Gurobi computed a set of 1102 edges and weight 37.399989100000035
562 564 0.040197 
562 565 0.045404 
562 566 0.034318 
562 567 0.030666 
562 1008 0.015987 
563 565 0.0616 
563 566 0.046396 
563 567 0.036482 
563 1006 0.015969 
563 1008 0.018394 
564 566 0.04763 
564 567 0.033933 
564 568 0.025121 
564 570 0.021705 
565 567 0.043994 
565 571 0.021703 
565 1007 0.014766 
566 568 0.030968 
566 570 0.023984 
567 569 0.039518 
568 570 0.044863 
568 571 0.030736 
568 572 0.029742 
569 571 0.0407 
569 572 0.031861 
569 573 0.029281 
569 574 0.025443 
570 572 0.037597 
570 573 0.030047 
571 573 0.037927 
571 574 0.026846 
572 574 0.03806 
572 575 0.026117 
573 575 0.032162 
573 576 0.02378 
574 576 0.038125 
574 577 0.027071 
575 577 0.042308 
575 578 0.031748 
575 579 0.029262 
576 578 0.041675 
576 579 0.034594 
576 580 0.033269 
577 579 0.04275 
577 580 0.039819 
577 581 0.029933 
578 580 0.046328 
578 581 0.033286 
578 582 0.025852 
579 581 0.045913 
579 582 0.028598 
580 582 0.044366 
580 583 0.028508 
581 583 0.037947 
581 584 0.02931 
582 584 0.056527 
582 585 0.033749 
583 585 0.043321 
583 586 0.032913 
583 587 0.02746 
584 586 0.040469 
584 587 0.033225 
584 588 0.025689 
585 587 0.048497 
585 588 0.032859 
585 589 0.023774 
586 588 0.041495 
586 589 0.030488 
586 591 0.022393 
587 589 0.041479 
587 590 0.031203 
588 590 0.042698 
588 591 0.031051 
589 591 0.041435 
589 592 0.031615 
590 592 0.03923 
590 593 0.0305 
590 594 0.022391 
591 593 0.043177 
591 594 0.026535 
592 594 0.037055 
592 595 0.026617 
592 596 0.02339 
593 595 0.041582 
593 596 0.03061 
593 597 0.027304 
594 596 0.038906 
594 597 0.032012 
595 597 0.046027 
595 598 0.037191 
595 599 0.026127 
596 598 0.042956 
596 599 0.026965 
597 599 0.037654 
597 600 0.027348 
598 600 0.040973 
598 601 0.040621 
598 602 0.026293 
599 601 0.048075 
599 602 0.027938 
600 602 0.035115 
600 603 0.025281 
600 604 0.020397 
601 603 0.037103 
601 604 0.028271 
601 605 0.02809 
602 604 0.042311 
602 605 0.037485 
603 605 0.048368 
603 606 0.030655 
603 607 0.022246 
604 606 0.034091 
604 607 0.024822 
605 607 0.03183 
605 608 0.024848 
606 608 0.047363 
606 609 0.0316 
606 610 0.025918 
607 609 0.043068 
607 610 0.028369 
608 610 0.036242 
608 611 0.030387 
608 612 0.025079 
609 611 0.038897 
609 612 0.032134 
609 613 0.026989 
610 612 0.043278 
610 613 0.034548 
611 613 0.041289 
611 614 0.030952 
611 615 0.023114 
612 614 0.041205 
612 615 0.027065 
613 615 0.039572 
613 616 0.031517 
614 616 0.04479 
614 617 0.03593 
614 618 0.033222 
615 617 0.042112 
615 618 0.031892 
616 618 0.044694 
616 619 0.029675 
616 620 0.023353 
617 619 0.037834 
617 620 0.028895 
617 621 0.020734 
618 620 0.030816 
618 621 0.02412 
619 621 0.041136 
619 622 0.024288 
619 623 0.022406 
620 622 0.033088 
620 623 0.025615 
621 623 0.036158 
621 624 0.027259 
622 624 0.039636 
622 625 0.029937 
623 625 0.038475 
623 626 0.026596 
624 626 0.033588 
624 627 0.024832 
624 628 0.023904 
625 627 0.038129 
625 628 0.030294 
625 629 0.030058 
626 628 0.038604 
626 629 0.032036 
626 630 0.027546 
627 629 0.041283 
627 630 0.029609 
627 631 0.02137 
628 630 0.035095 
628 631 0.024386 
629 631 0.032713 
629 632 0.026194 
630 632 0.040717 
630 633 0.028886 
631 633 0.039478 
631 634 0.02986 
632 634 0.043362 
632 635 0.03032 
632 636 0.022542 
633 635 0.044964 
633 636 0.031246 
633 637 0.024136 
634 636 0.046839 
634 637 0.030251 
634 638 0.027825 
635 637 0.045115 
635 638 0.03559 
635 639 0.032199 
636 638 0.044824 
636 639 0.037459 
637 639 0.045976 
637 640 0.025386 
638 640 0.036683 
638 641 0.023896 
639 641 0.03439 
639 642 0.025135 
640 642 0.031994 
640 643 0.029251 
640 644 0.026767 
641 643 0.038624 
641 644 0.032445 
641 645 0.031531 
642 644 0.039279 
642 645 0.030519 
642 648 0.015343 
643 645 0.030751 
643 646 0.020381 
643 647 0.019629 
644 646 0.032341 
644 648 0.021897 
645 647 0.036931 
645 649 0.036864 
646 648 0.041811 
646 649 0.041176 
646 650 0.034287 
647 649 0.037635 
647 650 0.028697 
647 651 0.020783 
648 650 0.044573 
648 651 0.030307 
649 651 0.05118 
649 652 0.030938 
650 652 0.049278 
650 653 0.033501 
651 653 0.0441 
651 654 0.031372 
652 654 0.04269 
652 655 0.029468 
652 656 0.027921 
653 655 0.034615 
653 656 0.028337 
653 657 0.026027 
654 656 0.038823 
654 657 0.032693 
654 658 0.026067 
655 657 0.039025 
655 658 0.029758 
655 659 0.022956 
656 658 0.038469 
656 659 0.032184 
657 659 0.048331 
657 660 0.030924 
658 660 0.04048 
658 661 0.029322 
659 661 0.046677 
659 662 0.028291 
660 662 0.042087 
660 663 0.028699 
660 664 0.022812 
661 663 0.040946 
661 664 0.028651 
661 665 0.02928 
662 664 0.037673 
662 665 0.033495 
662 666 0.027717 
663 665 0.036931 
663 666 0.02918 
663 667 0.023524 
664 666 0.040016 
664 667 0.025953 
665 667 0.036337 
665 668 0.026354 
666 668 0.032701 
666 669 0.021511 
667 669 0.036559 
667 670 0.031574 
668 670 0.048135 
668 671 0.03096 
668 672 0.023227 
669 671 0.030872 
669 672 0.022753 
669 673 0.017406 
670 672 0.038927 
670 673 0.026955 
670 674 0.024621 
671 673 0.037895 
671 674 0.034866 
671 675 0.03076 
672 674 0.043498 
672 675 0.035477 
673 675 0.037441 
673 676 0.025752 
674 676 0.036169 
674 677 0.025379 
675 677 0.035828 
675 678 0.026791 
676 678 0.039186 
676 679 0.030955 
676 680 0.026845 
677 679 0.038585 
677 680 0.033539 
677 681 0.026663 
678 680 0.040108 
678 681 0.029494 
678 682 0.021527 
679 681 0.045532 
679 682 0.030358 
679 685 0.01245 
680 682 0.040084 
680 683 0.025367 
681 683 0.0316 
681 684 0.023208 
682 684 0.03399 
682 686 0.029401 
683 685 0.03285 
683 686 0.032473 
683 687 0.028455 
684 686 0.044868 
684 687 0.035645 
684 688 0.026918 
685 687 0.028438 
685 688 0.021626 
685 689 0.022961 
686 688 0.042758 
686 689 0.025231 
687 689 0.04234 
687 690 0.028271 
688 690 0.044462 
688 691 0.03332 
689 691 0.049742 
689 692 0.043148 
690 692 0.060819 
690 693 0.043687 
690 694 0.026343 
691 693 0.046081 
691 694 0.030612 
691 695 0.024453 
692 694 0.03683 
692 695 0.028762 
692 696 0.02867 
693 695 0.037391 
693 696 0.028991 
693 697 0.024652 
694 696 0.040056 
694 697 0.029137 
695 697 0.037934 
695 698 0.02518 
696 698 0.041665 
696 699 0.027602 
697 699 0.034963 
697 700 0.028078 
698 700 0.039061 
698 701 0.029554 
698 707 0.0098721 
699 701 0.035239 
699 702 0.025776 
699 703 0.020292 
700 702 0.041122 
700 703 0.028191 
700 704 0.023613 
701 703 0.040448 
701 704 0.028244 
701 705 0.026678 
702 704 0.036962 
702 705 0.029349 
702 706 0.029594 
703 705 0.038467 
703 706 0.030134 
704 706 0.04168 
704 707 0.02024 
705 707 0.035673 
705 708 0.022753 
706 708 0.031359 
706 709 0.025064 
707 709 0.045303 
707 710 0.032935 
708 710 0.039527 
708 711 0.030362 
708 716 0.013272 
709 711 0.042838 
709 712 0.032514 
709 715 0.016914 
710 712 0.04504 
710 713 0.032327 
710 714 0.02479 
711 713 0.041556 
711 714 0.032568 
711 715 0.026579 
712 714 0.043899 
712 715 0.03275 
712 716 0.026707 
713 715 0.047481 
713 716 0.037689 
713 717 0.032909 
714 716 0.055887 
714 717 0.043734 
715 717 0.051526 
716 724 0.011411 
717 724 0.013026 
717 725 0.012721 
724 726 0.089705 
724 727 0.046322 
724 728 0.040838 
725 727 0.057758 
725 728 0.044027 
725 729 0.031881 
725 730 0.025523 
726 728 0.059561 
726 729 0.039193 
726 730 0.028937 
726 731 0.021668 
727 729 0.043235 
727 730 0.032453 
727 733 0.016788 
728 730 0.056098 
728 731 0.038927 
729 731 0.053639 
729 732 0.040694 
730 732 0.058394 
731 733 0.034587 
731 734 0.024288 
732 734 0.035983 
732 735 0.03225 
732 736 0.035615 
733 735 0.041756 
733 736 0.042045 
733 737 0.027227 
734 736 0.052347 
734 737 0.028842 
734 738 0.022964 
735 737 0.03583 
735 738 0.026261 
735 739 0.018557 
736 738 0.039042 
736 739 0.023363 
737 739 0.044291 
737 740 0.029696 
738 740 0.046896 
738 741 0.033703 
739 741 0.052106 
739 742 0.037463 
740 742 0.039543 
740 743 0.028065 
740 744 0.020538 
741 743 0.036688 
741 744 0.025518 
741 745 0.019891 
742 744 0.042701 
742 745 0.028748 
742 746 0.025867 
743 745 0.044366 
743 746 0.03421 
743 747 0.049956 
744 746 0.047384 
744 747 0.045925 
745 747 0.042966 
745 748 0.025183 
746 748 0.031928 
746 749 0.026316 
747 749 0.038846 
747 750 0.027345 
748 750 0.044225 
748 751 0.035438 
748 752 0.027353 
749 751 0.040999 
749 752 0.029828 
749 753 0.021833 
750 752 0.036165 
750 753 0.026587 
750 754 0.021889 
751 753 0.035572 
751 754 0.027634 
751 755 0.025083 
752 754 0.03996 
752 755 0.032878 
753 755 0.039878 
753 756 0.026115 
754 756 0.030943 
754 757 0.021876 
755 757 0.02786 
755 758 0.024941 
756 758 0.043588 
756 759 0.031256 
756 760 0.032279 
757 759 0.048429 
757 760 0.044128 
757 761 0.023885 
758 760 0.046573 
758 761 0.026024 
758 762 0.01984 
759 761 0.033051 
759 762 0.025104 
759 763 0.022509 
760 762 0.03544 
760 763 0.029758 
761 763 0.041443 
761 764 0.031476 
762 764 0.039826 
762 765 0.028066 
763 765 0.040081 
763 766 0.032455 
764 766 0.048062 
764 767 0.03715 
764 768 0.030456 
765 767 0.046942 
765 768 0.03581 
765 769 0.023215 
766 768 0.042387 
766 769 0.028165 
766 770 0.02152 
767 769 0.040371 
767 770 0.029596 
767 771 0.031974 
768 770 0.04709 
768 771 0.055726 
769 771 0.066339 
769 772 0.032696 
770 772 0.037087 
770 773 0.020234 
771 773 0.029376 
771 774 0.021921 
772 774 0.06085 
772 775 0.048467 
772 776 0.031481 
773 775 0.062653 
773 776 0.039248 
773 777 0.026654 
774 776 0.047911 
774 777 0.0303 
774 778 0.02329 
775 777 0.041738 
775 778 0.027725 
775 779 0.021647 
776 778 0.045472 
776 779 0.029463 
777 779 0.038052 
777 780 0.037109 
778 780 0.046255 
778 781 0.03218 
779 781 0.037648 
779 782 0.024778 
780 782 0.037621 
780 783 0.031567 
780 784 0.026705 
781 783 0.044516 
781 784 0.036368 
781 785 0.024162 
782 784 0.048716 
782 785 0.030401 
782 786 0.02314 
783 785 0.03772 
783 786 0.028965 
783 787 0.027352 
784 786 0.036649 
784 787 0.035033 
785 787 0.045338 
785 788 0.031583 
786 788 0.037175 
786 789 0.024008 
787 789 0.031696 
787 790 0.027496 
788 790 0.039202 
788 791 0.031437 
788 792 0.030656 
789 791 0.044562 
789 792 0.033264 
789 793 0.023913 
790 792 0.043118 
790 793 0.029441 
790 797 0.012958 
791 793 0.039751 
791 794 0.026785 
791 796 0.016805 
792 794 0.036203 
792 795 0.025147 
793 795 0.0378 
793 796 0.029074 
794 796 0.034922 
794 797 0.029164 
794 798 0.02756 
795 797 0.041091 
795 798 0.035361 
795 799 0.028576 
796 798 0.046899 
796 799 0.030869 
797 799 0.039773 
797 800 0.023783 
798 800 0.031704 
798 801 0.02885 
799 801 0.040303 
799 802 0.033319 
800 802 0.03727 
800 803 0.027832 
800 804 0.021163 
801 803 0.039243 
801 804 0.027136 
801 805 0.023062 
802 804 0.037061 
802 805 0.030094 
802 806 0.021095 
803 805 0.03906 
803 806 0.027305 
803 807 0.023804 
804 806 0.03668 
804 807 0.02938 
805 807 0.038735 
805 808 0.028526 
806 808 0.036779 
806 809 0.023967 
807 809 0.038952 
807 810 0.027551 
808 810 0.036964 
808 811 0.02482 
808 812 0.024421 
809 811 0.035689 
809 812 0.031887 
809 813 0.030984 
810 812 0.041827 
810 813 0.037314 
810 814 0.029431 
811 813 0.038162 
811 816 0.016355 
811 817 0.013367 
812 814 0.033537 
812 815 0.024626 
813 815 0.031369 
813 816 0.024114 
814 816 0.044822 
814 817 0.034227 
814 818 0.029265 
815 817 0.036679 
815 818 0.03146 
815 819 0.026368 
816 818 0.039449 
816 819 0.030662 
817 819 0.039587 
817 820 0.027022 
818 820 0.038199 
818 821 0.027074 
819 821 0.038435 
819 822 0.031933 
820 822 0.045287 
820 823 0.032653 
820 824 0.026755 
821 823 0.03841 
821 824 0.030432 
821 825 0.022762 
822 824 0.038129 
822 825 0.02783 
822 826 0.022725 
823 825 0.03571 
823 826 0.028368 
823 827 0.021727 
824 826 0.04208 
824 827 0.029481 
825 827 0.03635 
825 828 0.030795 
826 828 0.037169 
826 829 0.031531 
827 829 0.040156 
827 830 0.028623 
828 830 0.039637 
828 831 0.025101 
828 832 0.019996 
829 831 0.031594 
829 832 0.024085 
829 833 0.023364 
830 832 0.034613 
830 833 0.033574 
830 834 0.027845 
831 833 0.045583 
831 834 0.030061 
831 835 0.02266 
832 834 0.02855 
832 835 0.022883 
833 835 0.028938 
833 836 0.022949 
834 836 0.044727 
834 837 0.028436 
835 837 0.032926 
835 838 0.028391 
836 838 0.03584 
836 839 0.027332 
836 840 0.024875 
837 839 0.04105 
837 840 0.030882 
837 841 0.029338 
838 840 0.038485 
838 841 0.031868 
838 842 0.024894 
839 841 0.031501 
839 842 0.023646 
839 843 0.018084 
840 842 0.040842 
840 843 0.030991 
841 843 0.042954 
841 844 0.026456 
842 844 0.035912 
842 845 0.028588 
843 845 0.040182 
843 846 0.035022 
844 846 0.042929 
844 847 0.029138 
844 848 0.02016 
845 847 0.038516 
845 848 0.026395 
845 849 0.02127 
846 848 0.034849 
846 849 0.026957 
846 850 0.028779 
847 849 0.035644 
847 850 0.032519 
847 851 0.027993 
848 850 0.036781 
848 851 0.028824 
849 851 0.036398 
849 852 0.026874 
850 852 0.043344 
850 853 0.024552 
851 853 0.030881 
851 854 0.028299 
852 854 0.043885 
852 855 0.026549 
852 856 0.028527 
853 855 0.041083 
853 856 0.03652 
853 858 0.024199 
854 856 0.043771 
854 857 0.030453 
854 858 0.024876 
855 857 0.036953 
855 859 0.022791 
855 860 0.018945 
856 858 0.035519 
856 859 0.02835 
857 859 0.038136 
857 860 0.025688 
857 861 0.027853 
858 860 0.03571 
858 861 0.036366 
859 861 0.044037 
859 862 0.026691 
860 862 0.031076 
860 863 0.022133 
861 863 0.042253 
861 864 0.028981 
862 864 0.03544 
862 865 0.028412 
862 866 0.026182 
863 865 0.041742 
863 866 0.034274 
863 867 0.031597 
864 866 0.039782 
864 867 0.032916 
864 868 0.023456 
865 867 0.043603 
865 868 0.028953 
865 869 0.020843 
866 868 0.037533 
866 869 0.026569 
867 869 0.036746 
867 870 0.02618 
868 870 0.037228 
868 871 0.030924 
869 871 0.03984 
869 872 0.03025 
870 872 0.037418 
870 873 0.024876 
870 874 0.021918 
871 873 0.037466 
871 874 0.027607 
871 875 0.024361 
872 874 0.042526 
872 875 0.033806 
872 876 0.029089 
873 875 0.041728 
873 876 0.034475 
873 877 0.029528 
874 876 0.037783 
874 877 0.029046 
875 877 0.038412 
875 878 0.026111 
876 878 0.039452 
876 879 0.027114 
877 879 0.040898 
877 880 0.030337 
878 880 0.039725 
878 881 0.028013 
878 882 0.021543 
879 881 0.042052 
879 882 0.028142 
879 883 0.025039 
880 882 0.040562 
880 883 0.03124 
880 884 0.033354 
881 883 0.040845 
881 884 0.039407 
881 885 0.037949 
882 884 0.037455 
882 885 0.032883 
883 885 0.039635 
883 886 0.026346 
884 886 0.038325 
884 887 0.025747 
885 887 0.034704 
885 888 0.027712 
886 888 0.040879 
886 889 0.032655 
886 890 0.03009 
887 889 0.043877 
887 890 0.035256 
887 891 0.024574 
888 890 0.047983 
888 891 0.030519 
888 892 0.023566 
889 891 0.034749 
889 893 0.024149 
889 894 0.021901 
890 892 0.037842 
890 893 0.033572 
891 893 0.048572 
891 894 0.039828 
892 894 0.049766 
892 895 0.031195 
892 896 0.022508 
893 895 0.041407 
893 896 0.028987 
894 896 0.038572 
894 897 0.029751 
895 897 0.045171 
895 898 0.036337 
895 899 0.028081 
896 898 0.044266 
896 899 0.030849 
897 899 0.04165 
897 900 0.024441 
897 901 0.022966 
898 900 0.031277 
898 901 0.02946 
898 902 0.02822 
899 901 0.03844 
899 902 0.032401 
900 902 0.037347 
900 903 0.027728 
900 904 0.022925 
901 903 0.03662 
901 904 0.028885 
902 904 0.039163 
902 905 0.027838 
903 905 0.042004 
903 906 0.035984 
903 907 0.025337 
904 906 0.046742 
904 907 0.031969 
905 907 0.039039 
905 908 0.026452 
905 909 0.028805 
906 908 0.035682 
906 909 0.039775 
906 910 0.023585 
907 909 0.044851 
907 910 0.02466 
908 910 0.030687 
908 911 0.025895 
908 912 0.021474 
909 911 0.042673 
909 912 0.033995 
910 912 0.036865 
910 913 0.026118 
911 913 0.04023 
911 914 0.029093 
911 915 0.026978 
912 914 0.043962 
912 915 0.035733 
913 915 0.057547 
913 916 0.035773 
913 917 0.029184 
914 916 0.037183 
914 917 0.029482 
914 918 0.024954 
915 917 0.047191 
915 918 0.036348 
916 918 0.044704 
916 919 0.032586 
916 920 0.024962 
917 919 0.045562 
917 920 0.033473 
918 920 0.045065 
918 921 0.031808 
919 921 0.040716 
919 922 0.030034 
919 923 0.02645 
920 922 0.038086 
920 923 0.034175 
921 923 0.04157 
921 924 0.032423 
921 925 0.025326 
922 924 0.046843 
922 925 0.030409 
922 926 0.023534 
923 925 0.038828 
923 926 0.029537 
924 926 0.039148 
924 927 0.033707 
924 928 0.029587 
925 927 0.041843 
925 928 0.030583 
926 928 0.043886 
926 929 0.030023 
927 929 0.03978 
927 930 0.032591 
927 931 0.024064 
928 930 0.043444 
928 931 0.032578 
929 931 0.041564 
929 932 0.034272 
929 933 0.027986 
930 932 0.051189 
930 933 0.035953 
930 934 0.02574 
931 933 0.045527 
931 934 0.031739 
932 934 0.044814 
932 935 0.035387 
932 936 0.025742 
933 935 0.048196 
933 936 0.033748 
934 936 0.042761 
934 937 0.033274 
935 937 0.045853 
935 938 0.035581 
935 939 0.026503 
936 938 0.044204 
936 939 0.030327 
937 939 0.042018 
937 940 0.032769 
937 941 0.028156 
938 940 0.044249 
938 941 0.03514 
938 942 0.024918 
939 941 0.03623 
939 942 0.024934 
940 942 0.033078 
940 943 0.026194 
940 944 0.02135 
941 943 0.044091 
941 944 0.029229 
942 944 0.041598 
942 945 0.035094 
943 945 0.043139 
943 946 0.032539 
943 947 0.022962 
944 946 0.032403 
944 947 0.022075 
945 947 0.03668 
945 948 0.029357 
945 949 0.029562 
946 948 0.04789 
946 949 0.040513 
946 950 0.027973 
947 949 0.046061 
947 950 0.029887 
948 950 0.042575 
948 951 0.030413 
948 952 0.025733 
949 951 0.041519 
949 952 0.034469 
950 952 0.045285 
950 953 0.037814 
951 953 0.047571 
951 954 0.032006 
951 956 0.017251 
952 954 0.04226 
952 955 0.02395 
953 955 0.032376 
953 956 0.028293 
953 957 0.026023 
954 956 0.037627 
954 957 0.033576 
954 958 0.040343 
955 957 0.041846 
955 958 0.037749 
955 959 0.026551 
956 958 0.043241 
956 959 0.029348 
957 959 0.037306 
957 960 0.023291 
958 960 0.037087 
958 961 0.029743 
959 961 0.042243 
959 962 0.035414 
960 962 0.047161 
960 963 0.031585 
960 964 0.024349 
961 963 0.03148 
961 964 0.025835 
961 965 0.024908 
962 964 0.033743 
962 965 0.033113 
962 966 0.02465 
963 965 0.052245 
963 966 0.036654 
963 967 0.028185 
964 966 0.042837 
964 967 0.03331 
965 967 0.053689 
965 968 0.027889 
966 968 0.037586 
966 969 0.033341 
967 969 0.047853 
967 970 0.037679 
968 970 0.041638 
968 971 0.029777 
968 972 0.023327 
969 971 0.045938 
969 972 0.033675 
969 973 0.035444 
970 972 0.048646 
970 973 0.051631 
970 974 0.040372 
971 973 0.042074 
971 974 0.033378 
971 978 0.012515 
972 974 0.042882 
972 975 0.02467 
973 975 0.034345 
973 976 0.033449 
974 976 0.046065 
974 977 0.029908 
975 977 0.044237 
975 978 0.032884 
975 979 0.02965 
976 978 0.04917 
976 979 0.045909 
976 980 0.034065 
977 979 0.053111 
977 980 0.037251 
977 981 0.026068 
978 980 0.045889 
978 981 0.031989 
979 981 0.043534 
979 982 0.035246 
980 982 0.049836 
980 983 0.031775 
981 983 0.045293 
981 984 0.034137 
982 984 0.04647 
982 985 0.037142 
982 986 0.031135 
983 985 0.049182 
983 986 0.036935 
983 987 0.026959 
984 986 0.047746 
984 987 0.031421 
984 988 0.026635 
985 987 0.04499 
985 988 0.034253 
985 989 0.027575 
986 988 0.046227 
986 989 0.034341 
987 989 0.045985 
987 990 0.03572 
988 990 0.055427 
988 991 0.040446 
989 991 0.056719 
989 992 0.039077 
990 992 0.052136 
990 993 0.038686 
990 994 0.032098 
991 993 0.060873 
991 994 0.047523 
991 995 0.034669 
992 994 0.052407 
992 995 0.03707 
992 996 0.029906 
993 995 0.048375 
993 996 0.036644 
993 997 0.027485 
994 996 0.049015 
994 997 0.032688 
995 997 0.0395 
995 998 0.029043 
996 998 0.041072 
996 999 0.033138 
997 999 0.046907 
997 1000 0.031993 
998 1000 0.036571 
998 1001 0.031787 
998 1002 0.027354 
999 1001 0.042556 
999 1002 0.034382 
999 1007 0.01849 
1000 1002 0.040206 
1000 1003 0.030976 
1000 1006 0.022803 
1001 1003 0.038983 
1001 1004 0.038679 
1001 1005 0.031501 
1002 1004 0.037576 
1002 1005 0.031778 
1003 1005 0.043251 
1003 1006 0.031821 
1003 1007 0.030397 
1004 1006 0.058612 
1004 1007 0.045976 
1004 1008 0.049856 
1005 1007 0.058422 
1005 1008 0.055274 
1006 1008 0.071458 
