
Gurobi Optimizer version 7.5.1 build v7.5.1rc0 (linux64)
Copyright (c) 2017, Gurobi Optimization, Inc.

Read LP format model from file all.lp
Reading time = 0.70 seconds
obj: 1223 rows, 232000 columns, 464000 nonzeros
Optimize a model with 1223 rows, 232000 columns and 464000 nonzeros
Variable types: 0 continuous, 232000 integer (232000 binary)
Coefficient statistics:
  Matrix range     [1e+00, 1e+00]
  Objective range  [1e-05, 8e-03]
  Bounds range     [1e+00, 1e+00]
  RHS range        [5e+00, 5e+00]
Found heuristic solution: objective 0.244047
Presolve time: 0.68s
Presolved: 1223 rows, 232000 columns, 464000 nonzeros
Variable types: 0 continuous, 232000 integer (232000 binary)

Starting sifting (using dual simplex for sub-problems)...

    Iter     Pivots    Primal Obj      Dual Obj        Time
       0          0     infinity     -4.8108171e+00      1s
       1       1785  -9.2884241e-01  -4.5283919e+00      1s
       2       4302  -9.8803904e-01  -4.2457673e+00      1s
       3       6702  -1.0273389e+00  -4.1026439e+00      1s
       4       8929  -1.0533644e+00  -3.9140823e+00      1s
       5      11127  -1.0870093e+00  -3.7101995e+00      1s
       6      13301  -1.1220905e+00  -3.5264477e+00      1s
       7      15508  -1.1523492e+00  -3.3408625e+00      1s
       8      17723  -1.1765082e+00  -3.1641454e+00      1s
       9      19910  -1.2039570e+00  -2.9459371e+00      2s
      10      22146  -1.2225772e+00  -2.7783849e+00      2s
      11      24397  -1.2409361e+00  -2.6098067e+00      2s
      12      26627  -1.2593443e+00  -2.4761277e+00      2s
      13      28861  -1.2677047e+00  -2.2652146e+00      2s
      14      31222  -1.2768257e+00  -2.0372235e+00      2s
      15      33586  -1.2846365e+00  -1.7766057e+00      2s
      16      35836  -1.2902132e+00  -1.6477238e+00      2s
      17      38012  -1.2913728e+00  -1.4340049e+00      2s
      18      39801  -1.2914586e+00  -1.3380864e+00      2s

Sifting complete


Root relaxation: objective 1.291586e+00, 41255 iterations, 1.40 seconds

    Nodes    |    Current Node    |     Objective Bounds      |     Work
 Expl Unexpl |  Obj  Depth IntInf | Incumbent    BestBd   Gap | It/Node Time

*    0     0               0       1.2915863    1.29159  0.00%     -    3s

Explored 0 nodes (41255 simplex iterations) in 3.21 seconds
Thread count was 16 (of 16 available processors)

Solution count 2: 1.29159 0.244047 

Optimal solution found (tolerance 1.00e-04)
Best objective 1.291586260000e+00, best bound 1.291586260000e+00, gap 0.0000%

Wrote result file 'all.sol'

% Gurobi computed a set of 1175 edges and weight 1.2915862600000003
49 1255 0.00060682 
68 1240 0.00058104 
160 1252 0.00058103 
165 1094 0.0011347 
177 1256 0.0007134 
181 1253 0.00053084 
185 1242 0.00050922 
185 1252 0.00059947 
187 1236 0.00053763 
187 1242 0.00050834 
189 1026 0.00055155 
195 1244 0.00056396 
195 1248 0.00057044 
197 1253 0.00055596 
203 1219 0.00061235 
210 1235 0.00045124 
211 1017 0.0006462 
211 1033 0.00076784 
211 1051 0.00072017 
211 1171 0.00069573 
211 1256 0.00078768 
212 1250 0.00049832 
216 1251 0.00063248 
225 1094 0.0016165 
229 1198 0.00058013 
229 1222 0.00051724 
229 1239 0.00057802 
229 1245 0.00048227 
233 1047 0.00067318 
237 1225 0.00070996 
237 1237 0.00051944 
244 1241 0.00051776 
244 1251 0.00059486 
252 1213 0.00051958 
252 1236 0.00050851 
253 1224 0.00055064 
253 1231 0.00056074 
258 1044 0.0006146 
266 1036 0.0006731 
270 1247 0.00046467 
286 1223 0.00053937 
286 1225 0.00067752 
286 1234 0.00046522 
289 1205 0.00062124 
290 1239 0.00054939 
290 1242 0.00050314 
291 1067 0.00081433 
291 1228 0.00051827 
292 1202 0.00055857 
292 1209 0.0005628 
292 1233 0.00060693 
292 1236 0.00050234 
293 1194 0.00056151 
293 1230 0.00050789 
293 1239 0.00052591 
294 1216 0.00055412 
295 1033 0.000746 
295 1214 0.00063663 
295 1216 0.00062089 
295 1217 0.00062562 
295 1242 0.0005671 
296 1231 0.0005571 
296 1234 0.00049473 
297 1196 0.00056118 
298 1211 0.00054775 
298 1241 0.00049603 
298 1248 0.0005362 
299 1030 0.00055158 
299 1040 0.00063397 
299 1227 0.00053273 
299 1233 0.0006142 
300 1239 0.00052689 
300 1243 0.00049271 
301 1048 0.00049595 
301 1220 0.00053881 
303 1035 0.00075272 
303 1038 0.00049113 
303 1216 0.00049868 
306 1065 0.00066133 
307 1221 0.00057286 
311 1227 0.00051454 
312 1204 0.00058821 
312 1244 0.00056365 
312 1245 0.00048436 
313 1058 0.00059104 
314 1032 0.00060205 
314 1239 0.00053087 
315 1211 0.00056435 
316 1198 0.00056987 
317 1081 0.00074804 
317 1180 0.00066756 
317 1194 0.00065026 
317 1223 0.00054648 
319 1203 0.00057961 
319 1221 0.0005506 
320 1048 0.00051059 
320 1180 0.000709 
322 1207 0.00047962 
322 1233 0.00057138 
323 1207 0.00048297 
324 1193 0.00054912 
325 1058 0.00061918 
325 1071 0.00070803 
325 1076 0.00075864 
325 1227 0.00056264 
325 1236 0.00060206 
326 1185 0.00062527 
326 1201 0.00050513 
327 1187 0.00065888 
327 1204 0.00059067 
327 1221 0.00054053 
328 1065 0.00076718 
328 1215 0.00059327 
328 1224 0.00052447 
329 1062 0.00057742 
329 1190 0.00062554 
329 1207 0.00047768 
330 1034 0.00066254 
330 1070 0.00066918 
330 1189 0.00068408 
330 1204 0.00055016 
330 1222 0.00048263 
331 1062 0.00061216 
331 1178 0.0006536 
331 1179 0.00070944 
331 1188 0.00063146 
331 1198 0.00059281 
332 1063 0.00068446 
332 1064 0.00068815 
332 1178 0.00067875 
332 1191 0.00074907 
332 1213 0.00053978 
333 1085 0.0008291 
333 1186 0.00058442 
333 1189 0.00060578 
333 1194 0.00062209 
333 1218 0.00058152 
334 1201 0.00051803 
334 1203 0.00057665 
335 1063 0.00059735 
335 1066 0.00082678 
337 1047 0.00073549 
337 1060 0.0006103 
337 1074 0.00093716 
337 1182 0.00080692 
337 1220 0.0005236 
338 1054 0.00071923 
338 1171 0.00096827 
338 1172 0.0013239 
338 1195 0.00070092 
338 1229 0.00060467 
339 1082 0.0007794 
339 1085 0.00081184 
339 1181 0.00063538 
339 1195 0.00055973 
339 1211 0.00055992 
340 1072 0.00077541 
340 1173 0.00064602 
340 1177 0.00070135 
340 1250 0.00054538 
341 1067 0.00059766 
341 1184 0.00064941 
341 1200 0.00069328 
341 1201 0.00056419 
341 1210 0.00050759 
342 1059 0.00058672 
342 1063 0.00063154 
342 1078 0.00063463 
342 1184 0.0006615 
342 1195 0.00055552 
343 1063 0.00061876 
343 1071 0.00073954 
343 1088 0.00071985 
343 1092 0.00089316 
343 1185 0.00063817 
344 1081 0.00071821 
344 1179 0.0006219 
344 1207 0.00048978 
345 1086 0.00070895 
345 1232 0.00055325 
346 1059 0.00057027 
346 1079 0.00067585 
346 1181 0.00068288 
346 1184 0.00065002 
346 1198 0.00061041 
347 1079 0.00065625 
347 1169 0.0005892 
348 1054 0.00056279 
348 1068 0.00062409 
348 1083 0.00075497 
348 1086 0.00070897 
348 1100 0.0010406 
349 1072 0.00087837 
349 1096 0.00098183 
349 1201 0.0006328 
349 1219 0.00065569 
349 1224 0.00060161 
350 1066 0.00087091 
350 1076 0.00070862 
350 1164 0.00099331 
350 1189 0.00063433 
350 1200 0.00068662 
351 1075 0.00074423 
351 1173 0.00061034 
351 1214 0.0006244 
352 1078 0.00064936 
352 1172 0.00079084 
352 1187 0.00062311 
352 1192 0.00063839 
352 1196 0.00065098 
353 1071 0.00066572 
353 1078 0.00063846 
353 1081 0.00082562 
353 1194 0.00055119 
354 1069 0.00064523 
354 1082 0.0006972 
355 1068 0.00067247 
355 1089 0.00079222 
355 1091 0.00074532 
355 1190 0.00062524 
355 1209 0.00056393 
356 1058 0.00059975 
356 1075 0.00070038 
356 1088 0.00078337 
356 1095 0.0016364 
356 1099 0.0011331 
357 1090 0.00081443 
358 1070 0.00067654 
358 1081 0.00081455 
358 1084 0.00095693 
358 1093 0.00084766 
358 1165 0.0008505 
359 1076 0.00065046 
359 1092 0.00088418 
359 1094 0.00093436 
359 1177 0.00064652 
360 1073 0.00062727 
360 1096 0.00097239 
360 1097 0.00084895 
360 1182 0.00059976 
362 1082 0.00075124 
362 1087 0.00078157 
362 1093 0.00083048 
362 1097 0.00090762 
362 1098 0.00090891 
363 1069 0.00066725 
363 1092 0.00084179 
363 1104 0.0012078 
363 1139 0.0014604 
363 1182 0.0006293 
364 1087 0.00081045 
364 1093 0.00087044 
364 1099 0.0010205 
364 1135 0.0017138 
364 1142 0.0014804 
365 1100 0.0011169 
365 1101 0.0010477 
365 1103 0.0012278 
365 1141 0.0013966 
365 1143 0.001386 
366 1074 0.0007541 
366 1100 0.0010716 
366 1101 0.0010162 
366 1105 0.0013668 
366 1136 0.0018849 
367 1105 0.0012976 
367 1139 0.0013556 
367 1140 0.0014406 
367 1142 0.0014489 
367 1143 0.0015811 
368 1099 0.001126 
368 1107 0.0013974 
368 1135 0.0018597 
368 1136 0.0018333 
368 1140 0.0015036 
369 1100 0.0012375 
369 1101 0.0011794 
369 1107 0.0014053 
369 1134 0.0023244 
369 1141 0.0015916 
370 1108 0.0017335 
370 1133 0.0026716 
370 1135 0.001907 
370 1137 0.0020795 
370 1138 0.0016738 
371 1108 0.0018787 
371 1110 0.0019313 
371 1134 0.002168 
371 1135 0.002095 
371 1137 0.0022659 
372 1130 0.003829 
372 1132 0.0031676 
372 1133 0.0029959 
372 1134 0.0025106 
372 1138 0.0022614 
373 1128 0.0060312 
373 1129 0.00504 
373 1131 0.0035605 
373 1132 0.0035102 
373 1134 0.0030658 
374 1024 0.0031535 
374 1127 0.0066367 
374 1128 0.0063195 
374 1130 0.0045092 
374 1131 0.0045289 
380 1024 0.0070241 
380 1117 0.0059903 
380 1127 0.0075266 
380 1128 0.0069255 
380 1129 0.0053779 
381 1024 0.0042466 
381 1127 0.0067815 
381 1128 0.0073265 
381 1129 0.0054606 
381 1130 0.004822 
382 1024 0.0031004 
382 1127 0.0061194 
382 1128 0.005596 
382 1129 0.0053825 
382 1130 0.0041802 
383 1024 0.0026618 
383 1131 0.0031393 
383 1133 0.0031682 
383 1135 0.0021875 
383 1136 0.0023169 
384 1106 0.0016004 
384 1113 0.0025137 
384 1131 0.0029952 
384 1132 0.0030317 
384 1133 0.0025868 
385 1111 0.0022417 
385 1113 0.0024741 
385 1132 0.0029422 
385 1133 0.0025719 
385 1134 0.0021709 
386 1108 0.0016975 
386 1138 0.0016395 
386 1139 0.0014523 
386 1142 0.0014767 
386 1143 0.0015433 
387 1105 0.0012641 
387 1110 0.0017793 
387 1137 0.0017048 
387 1138 0.0015006 
387 1143 0.0013072 
388 1087 0.00088427 
388 1095 0.0011409 
388 1104 0.0012927 
388 1139 0.0013788 
388 1173 0.0007665 
389 1095 0.00099437 
389 1098 0.00089918 
390 1084 0.00089175 
390 1088 0.00070367 
390 1098 0.00091821 
390 1101 0.00095444 
390 1141 0.0013115 
391 1102 0.0011638 
391 1103 0.0012345 
391 1175 0.0007063 
391 1178 0.00068463 
391 1181 0.0007176 
392 1068 0.00061459 
392 1087 0.00077796 
392 1097 0.00086245 
392 1180 0.00070717 
392 1209 0.00056336 
393 1061 0.00072868 
393 1062 0.00062145 
393 1088 0.00075265 
393 1183 0.00066239 
393 1192 0.00067703 
394 1039 0.00058895 
394 1072 0.00072115 
394 1096 0.00097708 
394 1097 0.00097942 
394 1206 0.00065676 
395 1063 0.00060348 
395 1073 0.00061205 
395 1090 0.00088258 
395 1170 0.0006311 
395 1179 0.00068329 
396 1084 0.00084604 
396 1096 0.0010117 
396 1173 0.00066027 
396 1187 0.00054526 
396 1188 0.00056255 
397 1069 0.00076569 
397 1089 0.0008506 
397 1092 0.00086568 
397 1174 0.00069021 
397 1178 0.00066029 
399 1167 0.00075802 
399 1170 0.00070677 
399 1174 0.0007201 
399 1180 0.00070216 
399 1199 0.00062535 
400 1072 0.00079829 
400 1085 0.00088935 
400 1176 0.00076611 
400 1179 0.00072845 
400 1203 0.00068484 
401 1084 0.00080837 
401 1091 0.00088559 
401 1099 0.0010205 
401 1172 0.00082499 
401 1176 0.00071242 
403 1074 0.00076888 
403 1174 0.0007435 
403 1190 0.00066171 
403 1193 0.00062639 
403 1230 0.00055158 
404 1078 0.00060739 
405 1055 0.00057747 
405 1071 0.00065076 
405 1083 0.00075034 
405 1190 0.00066088 
405 1197 0.00052512 
406 1080 0.0007439 
406 1086 0.00074285 
406 1091 0.0007566 
407 1064 0.00060582 
407 1068 0.00066321 
407 1076 0.00068854 
407 1079 0.00067906 
407 1212 0.00064794 
408 1183 0.00060206 
409 1080 0.00074943 
409 1177 0.00078966 
409 1181 0.00063331 
409 1202 0.00069423 
409 1222 0.00050958 
410 1176 0.00066733 
410 1184 0.0006353 
410 1196 0.00058823 
410 1202 0.00052524 
410 1222 0.00049463 
411 1040 0.0006623 
411 1061 0.0007081 
411 1172 0.000772 
411 1181 0.00064247 
411 1182 0.00063722 
412 1073 0.00064237 
412 1171 0.00076993 
412 1177 0.00066731 
412 1204 0.00060368 
412 1215 0.0006322 
413 1039 0.00057976 
413 1171 0.00067678 
413 1188 0.00067163 
413 1205 0.00053903 
413 1225 0.0007097 
414 1178 0.00066396 
414 1186 0.00062744 
414 1200 0.00065404 
414 1219 0.00052423 
414 1226 0.00050518 
415 1039 0.00057373 
415 1041 0.00063341 
415 1061 0.00064908 
415 1077 0.00071548 
415 1215 0.00068458 
416 1049 0.00053644 
416 1187 0.00054734 
416 1199 0.00057097 
416 1223 0.00052654 
417 1067 0.00059656 
417 1191 0.00066165 
417 1192 0.00062039 
417 1202 0.0005171 
417 1215 0.00059398 
418 1193 0.00055577 
419 1040 0.0006578 
419 1194 0.00057728 
419 1198 0.00057028 
419 1199 0.00059016 
419 1222 0.00050149 
420 1034 0.00069764 
420 1045 0.00055166 
420 1056 0.00065165 
420 1077 0.00080192 
420 1217 0.00060644 
422 1057 0.00051638 
422 1064 0.00063235 
422 1175 0.00062699 
422 1180 0.00069328 
422 1229 0.00048421 
423 1185 0.00063094 
423 1209 0.00057481 
423 1210 0.00049032 
424 1046 0.00060231 
424 1074 0.00071469 
424 1211 0.00057244 
424 1224 0.00059238 
424 1244 0.00060573 
425 1037 0.00066915 
425 1171 0.00068636 
425 1199 0.0006492 
425 1224 0.0005783 
425 1225 0.00070983 
426 1191 0.0006069 
426 1214 0.00063757 
426 1218 0.00063744 
426 1219 0.00058721 
426 1221 0.00068644 
427 1058 0.00057473 
427 1210 0.00051508 
429 1175 0.00064172 
430 1207 0.00050988 
430 1213 0.0005247 
433 1060 0.00057343 
433 1210 0.00050795 
433 1233 0.00056149 
434 1235 0.00046225 
434 1243 0.00048503 
436 1028 0.00056739 
436 1045 0.0005807 
436 1079 0.00068164 
436 1216 0.00055849 
436 1255 0.00064378 
439 1179 0.00066631 
441 1231 0.00054732 
441 1234 0.00046209 
443 1026 0.00059464 
443 1034 0.00062618 
443 1191 0.00063628 
443 1226 0.00059264 
443 1232 0.00065556 
444 1204 0.00057161 
444 1209 0.00055292 
444 1218 0.00055624 
444 1238 0.00058194 
445 1049 0.00061251 
446 1208 0.00053016 
447 1040 0.00087122 
447 1075 0.00073092 
447 1234 0.00052291 
448 1220 0.00051496 
451 1049 0.00054967 
452 1053 0.00048182 
453 1023 0.00060321 
453 1028 0.00059099 
453 1029 0.00060091 
453 1039 0.00055295 
453 1044 0.00060481 
457 1217 0.00057077 
464 1240 0.0005317 
478 1212 0.00060766 
478 1220 0.00059056 
478 1235 0.0004564 
478 1238 0.000547 
478 1246 0.00063636 
479 1215 0.00058732 
479 1237 0.00051763 
480 1213 0.00054043 
480 1214 0.00069737 
480 1234 0.00047719 
483 1233 0.00060031 
486 1235 0.00048287 
489 1238 0.00058269 
494 1036 0.00068654 
496 1054 0.00061033 
496 1220 0.00065428 
496 1229 0.00047458 
496 1230 0.00051857 
497 1033 0.00065034 
497 1229 0.00046932 
499 1232 0.00051562 
506 1249 0.00051834 
515 1035 0.00072301 
516 1256 0.0006954 
520 1030 0.00071811 
520 1034 0.00067848 
520 1036 0.00076602 
520 1206 0.000607 
520 1221 0.00059276 
528 1226 0.00057126 
528 1256 0.00084843 
533 1041 0.00069694 
535 1031 0.00054592 
554 1258 0.002126 
555 1257 0.0025467 
555 1258 0.0030352 
556 1257 0.0041425 
556 1258 0.0045994 
557 1017 0.00065275 
557 1206 0.00064586 
557 1256 0.0013261 
557 1257 0.0047628 
557 1258 0.0062659 
562 1240 0.00067224 
568 1244 0.00067535 
569 1250 0.0005483 
574 1246 0.00055907 
588 1018 0.00057794 
591 1041 0.00075542 
591 1051 0.00072438 
591 1250 0.00053653 
591 1253 0.00065438 
592 1021 0.00057534 
592 1249 0.00057098 
593 1016 0.0006879 
593 1017 0.00069331 
593 1018 0.00061313 
593 1248 0.00055865 
593 1254 0.0005447 
594 1020 0.00075207 
594 1052 0.0007434 
594 1252 0.00063672 
594 1253 0.00060821 
594 1254 0.0005647 
595 1036 0.00070771 
596 1017 0.00074631 
596 1027 0.00053894 
596 1249 0.00054887 
597 1016 0.00061625 
597 1046 0.00056319 
597 1245 0.00052996 
597 1246 0.00057004 
597 1255 0.00059209 
599 1019 0.00057186 
599 1030 0.00058201 
599 1250 0.00054642 
600 1026 0.00055453 
600 1048 0.00050141 
601 1032 0.00068356 
601 1247 0.00049327 
603 1245 0.0005179 
603 1246 0.00055813 
604 1021 0.00056217 
604 1022 0.0006253 
607 1019 0.000632 
607 1027 0.00053808 
607 1253 0.00053412 
608 1026 0.00057473 
609 1025 0.00060041 
609 1237 0.00061349 
615 1019 0.00058616 
615 1029 0.00068865 
615 1218 0.00053695 
616 1094 0.0015765 
617 1032 0.00059536 
618 1038 0.00062356 
618 1039 0.00063906 
618 1050 0.00063745 
618 1212 0.00084159 
618 1223 0.00058126 
620 1023 0.000583 
621 1032 0.00057306 
622 1037 0.00065831 
622 1231 0.00056892 
622 1241 0.00050871 
623 1026 0.00055216 
623 1217 0.00057163 
624 1046 0.00057314 
627 1020 0.00067091 
627 1027 0.00072797 
627 1031 0.00055868 
627 1042 0.00068146 
627 1251 0.00058971 
628 1022 0.000739 
628 1031 0.00068306 
628 1059 0.00072859 
628 1230 0.00062732 
628 1240 0.00063522 
629 1031 0.00055333 
629 1045 0.00054705 
629 1216 0.00050864 
630 1034 0.00055897 
632 1017 0.00066552 
635 1236 0.00056011 
636 1059 0.00055326 
637 1066 0.00081861 
637 1238 0.00055994 
638 1044 0.00060425 
641 1032 0.00060579 
641 1037 0.00058467 
641 1045 0.00061628 
641 1227 0.00051491 
641 1251 0.00058768 
642 1023 0.00058145 
642 1038 0.00049219 
642 1041 0.00066578 
642 1197 0.00056556 
642 1219 0.00061898 
643 1020 0.00065776 
643 1040 0.00075254 
643 1045 0.00055136 
643 1062 0.00063503 
643 1218 0.00055012 
644 1043 0.00053978 
645 1054 0.00055623 
646 1019 0.00070049 
646 1238 0.000567 
646 1241 0.00051778 
646 1243 0.00048763 
647 1018 0.00058107 
647 1025 0.0007215 
647 1051 0.00060855 
647 1249 0.00054545 
648 1023 0.0006131 
648 1042 0.00064612 
648 1046 0.00057589 
648 1053 0.00051225 
649 1028 0.00063064 
653 1019 0.00055857 
653 1043 0.00054188 
653 1057 0.00052166 
653 1240 0.00056188 
654 1050 0.00059155 
654 1254 0.00049462 
655 1016 0.0006478 
655 1020 0.00062748 
655 1025 0.00065353 
656 1228 0.00051169 
657 1018 0.00057537 
662 1038 0.00049043 
662 1057 0.00052301 
662 1255 0.00063372 
663 1059 0.0006082 
663 1242 0.00054677 
664 1043 0.00056429 
664 1060 0.00065601 
664 1212 0.00061857 
664 1237 0.00056967 
664 1252 0.00066938 
665 1027 0.00066931 
665 1201 0.0005618 
665 1237 0.00058645 
665 1243 0.00051322 
665 1247 0.00048556 
666 1021 0.00063199 
666 1047 0.00066621 
666 1057 0.00052088 
666 1217 0.00056124 
666 1228 0.00051173 
667 1186 0.00061838 
669 1037 0.00064761 
669 1038 0.0005778 
669 1049 0.00063158 
669 1197 0.00060349 
669 1200 0.00068806 
670 1023 0.00059647 
670 1031 0.00056169 
670 1060 0.0006047 
670 1227 0.00050736 
671 1022 0.000572 
671 1189 0.00060846 
671 1205 0.0005656 
671 1228 0.00053202 
672 1042 0.00062045 
672 1232 0.00053473 
672 1247 0.00048309 
673 1166 0.00083838 
673 1183 0.00067737 
673 1190 0.00067574 
673 1244 0.00063547 
673 1245 0.00056867 
674 1021 0.00058187 
674 1028 0.00063207 
674 1030 0.00061024 
674 1044 0.00065666 
674 1205 0.00061088 
675 1018 0.00058663 
675 1029 0.00061957 
675 1044 0.00059865 
675 1050 0.00061572 
675 1246 0.00058408 
676 1028 0.00055001 
676 1029 0.00058466 
676 1047 0.00070333 
676 1061 0.00065465 
676 1169 0.00061267 
677 1053 0.00053387 
677 1065 0.00079095 
677 1066 0.00084038 
677 1164 0.0010499 
677 1249 0.0005718 
678 1025 0.00071323 
678 1035 0.0008117 
678 1170 0.00081348 
678 1177 0.00076837 
678 1248 0.00061485 
679 1056 0.00061932 
679 1057 0.00059213 
679 1075 0.00071294 
679 1166 0.00083146 
679 1176 0.00079886 
680 1035 0.00083682 
680 1042 0.00065027 
680 1043 0.00059423 
680 1055 0.00060279 
680 1173 0.00067229 
681 1020 0.00069751 
681 1055 0.00060745 
681 1056 0.00069553 
681 1064 0.00072785 
681 1208 0.00058753 
682 1016 0.00068412 
682 1025 0.00069164 
682 1052 0.00066507 
682 1058 0.00060816 
682 1252 0.00066905 
683 1052 0.00082422 
683 1061 0.00092044 
683 1166 0.00099238 
683 1186 0.00073721 
683 1197 0.00073177 
684 1027 0.00068804 
684 1055 0.00067846 
684 1163 0.00088741 
684 1187 0.00067448 
684 1232 0.00065949 
685 1048 0.00074006 
685 1049 0.00077829 
685 1052 0.00083776 
685 1165 0.0010292 
685 1169 0.00079107 
686 1054 0.00067016 
686 1159 0.0015373 
686 1168 0.0008767 
686 1176 0.0007994 
686 1251 0.00099501 
687 1021 0.00068824 
687 1050 0.00068922 
687 1051 0.00070349 
687 1150 0.0011354 
687 1168 0.00081458 
688 1153 0.0012653 
688 1154 0.0013857 
688 1158 0.0020693 
688 1160 0.0014438 
688 1161 0.0011069 
689 1156 0.0019481 
689 1157 0.0022579 
689 1158 0.0024005 
689 1159 0.001924 
689 1160 0.0014747 
690 1155 0.0018467 
690 1156 0.0023249 
690 1157 0.0027724 
690 1158 0.0027234 
690 1159 0.0022779 
691 1155 0.0019068 
691 1156 0.0019183 
691 1157 0.0021096 
691 1158 0.0024403 
691 1159 0.0020246 
692 1155 0.0015844 
692 1157 0.001902 
692 1160 0.0016396 
692 1161 0.001418 
692 1162 0.0014993 
693 1155 0.001544 
693 1156 0.0016824 
693 1160 0.0015382 
693 1161 0.0012326 
693 1162 0.001341 
694 1156 0.0017451 
694 1160 0.0014415 
694 1163 0.0010378 
694 1167 0.00097991 
694 1169 0.00091406 
695 1150 0.0013251 
695 1152 0.0014402 
695 1153 0.0014996 
695 1154 0.0015501 
695 1166 0.0010552 
696 1033 0.00089244 
696 1035 0.00090923 
696 1070 0.00080409 
696 1162 0.0011233 
696 1163 0.00089661 
697 1053 0.00070889 
697 1162 0.0011113 
697 1163 0.00097736 
697 1167 0.00088432 
697 1169 0.00081558 
698 1051 0.00087375 
698 1149 0.0013549 
698 1150 0.0012554 
698 1155 0.0014715 
698 1165 0.00098831 
699 1144 0.0012936 
699 1148 0.0014779 
699 1162 0.0012215 
699 1164 0.0012177 
699 1165 0.0010198 
700 1144 0.0012665 
700 1148 0.0013982 
700 1150 0.0013793 
700 1152 0.0013822 
700 1153 0.0012462 
701 1086 0.00094808 
701 1147 0.0012458 
701 1149 0.0015065 
701 1151 0.0013387 
701 1167 0.00092019 
702 1093 0.0010426 
702 1149 0.0013724 
702 1150 0.0016046 
702 1161 0.0010851 
702 1164 0.0011491 
703 1091 0.0012079 
703 1146 0.00156 
703 1147 0.0014974 
703 1148 0.0015554 
703 1151 0.0014896 
704 1145 0.0014564 
704 1152 0.001504 
704 1153 0.0015526 
704 1154 0.0015919 
704 1167 0.0011239 
705 1146 0.0015978 
705 1151 0.0014847 
705 1153 0.0014933 
705 1154 0.0015593 
705 1165 0.0011726 
706 1146 0.0019595 
706 1157 0.0022335 
706 1158 0.0029934 
706 1159 0.0020196 
706 1161 0.0014853 
707 1140 0.0016982 
707 1142 0.0017369 
707 1146 0.0017729 
707 1149 0.001617 
707 1151 0.0013958 
708 1140 0.0017972 
708 1145 0.0015114 
708 1147 0.0015708 
708 1148 0.001614 
708 1154 0.001489 
709 1139 0.0018078 
709 1147 0.001448 
709 1148 0.001647 
709 1149 0.001555 
709 1152 0.0015433 
710 1105 0.0016889 
710 1113 0.0028006 
710 1143 0.0016904 
710 1145 0.0015843 
710 1151 0.0015332 
711 1107 0.0018785 
711 1109 0.0024397 
711 1137 0.002284 
711 1141 0.0021829 
711 1146 0.0018308 
712 1109 0.0023258 
712 1112 0.0026159 
712 1144 0.0019383 
712 1145 0.0017356 
712 1147 0.001715 
713 1108 0.0021008 
713 1112 0.002593 
713 1136 0.0024478 
713 1138 0.0023603 
713 1145 0.0017193 
714 1110 0.0024157 
714 1111 0.0026322 
714 1112 0.0028248 
714 1114 0.0032097 
714 1136 0.0025439 
715 1112 0.0032891 
715 1113 0.0036663 
715 1116 0.0047447 
715 1132 0.0035657 
715 1137 0.0026241 
716 1111 0.0032354 
716 1115 0.0043048 
716 1116 0.0050375 
716 1117 0.0055708 
716 1118 0.0057851 
717 1114 0.0038805 
717 1115 0.0047247 
717 1116 0.0055483 
717 1117 0.0057784 
717 1118 0.006548 
724 1114 0.0037016 
724 1116 0.004976 
724 1118 0.0059115 
724 1127 0.0069225 
724 1129 0.0052406 
725 1112 0.0033784 
725 1115 0.0041271 
725 1116 0.0053672 
725 1117 0.0060499 
725 1118 0.005986 
726 1115 0.00368 
726 1117 0.0047343 
726 1118 0.0050733 
726 1130 0.0037962 
726 1131 0.0034747 
727 1106 0.0018187 
727 1109 0.002066 
727 1110 0.0021662 
727 1111 0.0023194 
727 1115 0.0030515 
728 1102 0.0012047 
728 1104 0.0013643 
728 1107 0.0014728 
728 1114 0.0021345 
728 1142 0.0014565 
729 1108 0.0015736 
729 1109 0.0017675 
729 1110 0.0020627 
729 1113 0.0024278 
729 1114 0.0021222 
730 1098 0.00097633 
730 1106 0.0015139 
730 1111 0.0022856 
730 1141 0.0013348 
730 1152 0.0010563 
731 1090 0.00079793 
731 1104 0.0013658 
731 1107 0.001551 
731 1109 0.0017579 
731 1170 0.00071027 
732 1093 0.00082129 
732 1098 0.0009123 
732 1100 0.001041 
732 1101 0.0010203 
732 1102 0.00099343 
733 1095 0.0010707 
733 1105 0.0013753 
733 1106 0.0014245 
733 1144 0.0011728 
733 1166 0.00088324 
734 1102 0.0011607 
734 1104 0.0012948 
734 1106 0.0014121 
734 1144 0.0011478 
734 1174 0.00080802 
735 1072 0.0007636 
735 1090 0.00083196 
735 1092 0.00097553 
735 1102 0.0010974 
735 1140 0.0013798 
736 1033 0.00066852 
736 1065 0.0006871 
736 1082 0.00070336 
736 1094 0.00098344 
736 1174 0.00072673 
737 1087 0.00083492 
737 1103 0.0013782 
737 1168 0.00076356 
737 1172 0.0007991 
737 1202 0.00060743 
738 1090 0.00076228 
738 1103 0.0013023 
738 1168 0.00072766 
739 1077 0.00076878 
739 1084 0.00084049 
739 1099 0.0010254 
739 1103 0.0012195 
739 1192 0.00069038 
740 1069 0.00082564 
740 1080 0.00073337 
740 1083 0.00086188 
740 1085 0.00097245 
740 1182 0.0006699 
741 1075 0.00072387 
741 1077 0.00075878 
741 1091 0.00090094 
741 1097 0.0010222 
741 1197 0.00060973 
743 1077 0.0007357 
743 1096 0.00094535 
744 1071 0.00070104 
744 1081 0.00071797 
744 1089 0.00078426 
744 1189 0.00062396 
745 1074 0.00070398 
745 1083 0.00074459 
745 1095 0.00089635 
745 1183 0.00064501 
745 1185 0.00064815 
746 1042 0.00061296 
746 1068 0.00066478 
746 1070 0.00065967 
746 1083 0.00078306 
746 1206 0.00063192 
747 1067 0.00057547 
748 1055 0.00055171 
748 1079 0.00067004 
748 1188 0.00058532 
749 1086 0.00074701 
749 1175 0.00065965 
749 1193 0.00055645 
749 1203 0.00061638 
749 1213 0.00051371 
750 1073 0.00062923 
750 1089 0.00080811 
750 1170 0.00064448 
750 1208 0.00055225 
750 1212 0.00062602 
751 1041 0.00064177 
751 1070 0.00067127 
751 1073 0.00068757 
751 1085 0.00083532 
751 1175 0.00070418 
752 1043 0.00057443 
752 1185 0.00065314 
752 1199 0.00055358 
753 1046 0.00063553 
753 1050 0.00059598 
753 1064 0.00061827 
753 1089 0.0010028 
753 1195 0.00063717 
754 1047 0.00078094 
754 1060 0.00058052 
754 1082 0.00070331 
754 1196 0.00057015 
754 1214 0.00059077 
755 1022 0.00061975 
755 1053 0.00055857 
755 1076 0.00073051 
755 1164 0.0010171 
755 1184 0.00069248 
756 1088 0.0007765 
756 1230 0.00049253 
757 1048 0.00052542 
757 1163 0.00077633 
757 1188 0.00061498 
757 1231 0.00061896 
757 1243 0.00070881 
758 1016 0.00068206 
758 1029 0.00062782 
758 1056 0.00066172 
758 1191 0.00064687 
758 1208 0.00060525 
759 1196 0.00060433 
759 1203 0.00060682 
759 1211 0.00060668 
759 1226 0.0005788 
759 1247 0.00050118 
761 1078 0.00060714 
761 1208 0.00056481 
762 1069 0.00075566 
762 1080 0.00069026 
762 1168 0.00069167 
762 1186 0.00058652 
762 1210 0.00051162 
764 1022 0.00062813 
764 1200 0.00064408 
765 1056 0.00059238 
766 1192 0.00064546 
766 1226 0.00053602 
767 1065 0.00064875 
768 1223 0.00053864 
769 1193 0.00056482 
770 1052 0.00064834 
770 1062 0.00061942 
770 1080 0.00068542 
770 1205 0.00075805 
770 1229 0.00053436 
778 1206 0.00058342 
783 1066 0.00093285 
783 1228 0.00051983 
786 1067 0.00057613 
786 1241 0.00051663 
790 1235 0.00045593 
804 1248 0.00053137 
812 1037 0.00060498 
839 1030 0.00057867 
854 1195 0.00053405 
854 1225 0.00070928 
854 1255 0.00062581 
925 1254 0.00050421 
944 1036 0.00067178 
980 1183 0.00074662 
983 1254 0.00050735 
984 1257 0.0021032 
1003 1257 0.0033912 
1003 1258 0.0029028 
