
Gurobi Optimizer version 7.5.1 build v7.5.1rc0 (linux64)
Copyright (c) 2017, Gurobi Optimization, Inc.

Read LP format model from file all.lp
Reading time = 0.44 seconds
obj: 547 rows, 148720 columns, 297440 nonzeros
Optimize a model with 547 rows, 148720 columns and 297440 nonzeros
Variable types: 0 continuous, 148720 integer (148720 binary)
Coefficient statistics:
  Matrix range     [1e+00, 1e+00]
  Objective range  [1e-05, 1e-01]
  Bounds range     [1e+00, 1e+00]
  RHS range        [5e+00, 5e+00]
Found heuristic solution: objective 41.384
Presolve time: 0.48s
Presolved: 547 rows, 148720 columns, 297440 nonzeros
Variable types: 0 continuous, 148720 integer (148720 binary)

Starting sifting (using dual simplex for sub-problems)...

    Iter     Pivots    Primal Obj      Dual Obj        Time
       0          0     infinity     -1.0285095e+02      1s
       1        547   3.8907000e+10  -9.6847020e+01      1s
       2       1330   3.2179000e+10  -9.5061275e+01      1s
       3       2115   2.4189000e+10  -9.3650523e+01      1s
       4       2910   1.8021000e+10  -9.2608817e+01      1s
       5       3705   1.4417000e+10  -9.1805999e+01      1s
       6       4513   1.0649000e+10  -9.0623715e+01      1s
       7       5334   5.9570000e+09  -8.8326426e+01      1s
       8       6130   7.7299999e+08  -8.2877155e+01      1s
       9       7812  -4.1220107e+01  -7.6608238e+01      1s
      10       9097  -4.2169858e+01  -6.9988051e+01      1s
      11      10253  -4.3105973e+01  -6.5544236e+01      1s
      12      11446  -4.4623750e+01  -5.9562846e+01      1s
      13      12666  -4.5776485e+01  -5.3371754e+01      1s
      14      13849  -4.5999343e+01  -4.8475712e+01      1s
      15      14829  -4.6055282e+01  -4.6192221e+01      1s

Sifting complete


Root relaxation: objective 4.605727e+01, 15398 iterations, 0.57 seconds

    Nodes    |    Current Node    |     Objective Bounds      |     Work
 Expl Unexpl |  Obj  Depth IntInf | Incumbent    BestBd   Gap | It/Node Time

     0     0   46.05727    0   15   41.38397   46.05727  11.3%     -    1s
H    0     0                      46.0070003   46.05727  0.11%     -    1s
H    0     0                      46.0422930   46.05727  0.03%     -    1s
H    0     0                      46.0492940   46.05727  0.02%     -    2s
     0     0   46.05638    0   17   46.04929   46.05638  0.02%     -    3s
     0     0   46.05638    0   15   46.04929   46.05638  0.02%     -    3s
     0     0   46.05405    0   11   46.04929   46.05405  0.01%     -    3s
     0     0   46.05333    0   19   46.04929   46.05333  0.01%     -    3s

Cutting planes:
  Gomory: 4
  Zero half: 6

Explored 1 nodes (16546 simplex iterations) in 3.91 seconds
Thread count was 16 (of 16 available processors)

Solution count 4: 46.0493 46.0423 46.007 41.384 

Optimal solution found (tolerance 1.00e-04)
Best objective 4.604929400000e+01, best bound 4.605333000000e+01, gap 0.0088%

Wrote result file 'all.sol'

% Gurobi computed a set of 1367 edges and weight 46.04929399999991
6 8 0.04748 
6 9 0.041008 
6 10 0.033838 
6 11 0.021042 
6 557 0.010631 
7 9 0.058722 
7 10 0.042934 
7 11 0.023304 
7 14 0.018808 
7 16 0.014921 
8 10 0.053781 
8 11 0.023526 
8 12 0.02275 
8 14 0.020887 
9 11 0.032022 
9 12 0.028147 
9 13 0.030003 
10 12 0.041214 
10 13 0.037229 
11 13 0.040355 
12 14 0.041891 
12 15 0.033075 
13 15 0.043855 
13 16 0.032512 
14 16 0.04137 
14 17 0.031512 
15 17 0.043 
15 18 0.03242 
15 19 0.023635 
16 18 0.045734 
16 19 0.033809 
17 19 0.04562 
17 20 0.030455 
17 21 0.026042 
18 20 0.039388 
18 21 0.032859 
18 22 0.029552 
19 21 0.044606 
19 22 0.036578 
20 22 0.046373 
20 23 0.033274 
20 24 0.023617 
21 23 0.04182 
21 24 0.026495 
22 24 0.035167 
22 25 0.031216 
23 25 0.042717 
23 26 0.030891 
23 27 0.028272 
24 26 0.036082 
24 27 0.028878 
25 27 0.046938 
25 28 0.036309 
25 29 0.02719 
26 28 0.052202 
26 29 0.03497 
26 31 0.020481 
27 29 0.054773 
27 30 0.035623 
28 30 0.052421 
28 31 0.031636 
28 32 0.028217 
29 31 0.043571 
29 32 0.035754 
30 32 0.0501 
30 33 0.047497 
30 34 0.035108 
31 33 0.048612 
31 34 0.034888 
32 34 0.046099 
32 35 0.026013 
33 35 0.035243 
33 36 0.030417 
33 37 0.028055 
34 36 0.039555 
34 37 0.034596 
35 37 0.040853 
35 38 0.030425 
35 39 0.024098 
36 38 0.045499 
36 39 0.03298 
36 40 0.027116 
37 39 0.049629 
37 40 0.039525 
38 40 0.046219 
38 41 0.030226 
38 42 0.025819 
39 41 0.035506 
39 44 0.019139 
40 42 0.046445 
40 43 0.036981 
41 43 0.048364 
41 44 0.029191 
41 45 0.027903 
42 44 0.036718 
42 45 0.03407 
42 46 0.028171 
43 45 0.045364 
43 46 0.035609 
43 47 0.026374 
44 46 0.04052 
44 47 0.028342 
45 47 0.040578 
45 48 0.02965 
46 48 0.038492 
46 49 0.028777 
47 49 0.039609 
47 50 0.038807 
48 50 0.051144 
48 51 0.035819 
48 52 0.025167 
49 51 0.043548 
49 52 0.029439 
49 53 0.024569 
50 52 0.040615 
50 53 0.031063 
50 54 0.031944 
51 53 0.045677 
51 54 0.039107 
51 55 0.024814 
52 54 0.036417 
52 55 0.02415 
53 55 0.032257 
53 56 0.027505 
54 56 0.053846 
54 57 0.043675 
55 57 0.042486 
55 58 0.029793 
56 58 0.036694 
56 59 0.030201 
56 60 0.028725 
57 59 0.045639 
57 60 0.041921 
57 61 0.032169 
58 60 0.045785 
58 61 0.031508 
58 62 0.026041 
59 61 0.038362 
59 62 0.028629 
59 63 0.023423 
60 62 0.040457 
60 63 0.030144 
61 63 0.041452 
61 64 0.028776 
62 64 0.043875 
62 65 0.031824 
63 65 0.048814 
63 66 0.033617 
64 66 0.038442 
64 67 0.027909 
64 68 0.027646 
65 67 0.035366 
65 68 0.031833 
65 69 0.025065 
66 68 0.041907 
66 69 0.030384 
66 70 0.025052 
67 69 0.041126 
67 70 0.032705 
67 71 0.02854 
68 70 0.047319 
68 71 0.038298 
69 71 0.045822 
69 72 0.031459 
70 72 0.041593 
70 73 0.033015 
71 73 0.048011 
71 74 0.038848 
72 74 0.050867 
72 75 0.026188 
72 76 0.01954 
73 75 0.03354 
73 76 0.023862 
73 77 0.021671 
74 76 0.033582 
74 77 0.030945 
74 78 0.029491 
75 77 0.040051 
75 78 0.033023 
75 79 0.025885 
76 78 0.041409 
76 79 0.029699 
77 79 0.040371 
77 80 0.028207 
78 80 0.040451 
78 81 0.034269 
79 81 0.045261 
79 82 0.035818 
80 82 0.045571 
80 83 0.029214 
80 84 0.024326 
81 83 0.043518 
81 84 0.03319 
81 85 0.025966 
82 84 0.041631 
82 85 0.031099 
82 86 0.030939 
83 85 0.043753 
83 86 0.035971 
83 87 0.027192 
84 86 0.045613 
84 87 0.032805 
85 87 0.038492 
85 88 0.026544 
86 88 0.049536 
86 89 0.034153 
87 89 0.043239 
87 90 0.031431 
88 90 0.029569 
88 91 0.02474 
88 92 0.021856 
89 91 0.046585 
89 92 0.039341 
89 93 0.035327 
90 92 0.048118 
90 93 0.036193 
90 94 0.027493 
91 93 0.043149 
91 94 0.027887 
91 97 0.014525 
92 94 0.040997 
92 95 0.027051 
93 95 0.03551 
93 96 0.028914 
94 96 0.043031 
94 97 0.035668 
95 97 0.041995 
95 98 0.030196 
95 99 0.023995 
96 98 0.033945 
96 99 0.028569 
96 100 0.023794 
97 99 0.043237 
97 100 0.032592 
98 100 0.042133 
98 101 0.029663 
98 104 0.016972 
99 101 0.034169 
99 102 0.026086 
100 102 0.031773 
100 103 0.024999 
101 103 0.035538 
101 104 0.028355 
101 105 0.025529 
102 104 0.048068 
102 105 0.03557 
102 106 0.030152 
103 105 0.043284 
103 106 0.032727 
103 107 0.027082 
104 106 0.043691 
104 107 0.03165 
105 107 0.042164 
105 108 0.025136 
106 108 0.033757 
106 109 0.026996 
107 109 0.039875 
107 110 0.029256 
108 110 0.037623 
108 111 0.027288 
108 112 0.025984 
109 111 0.038323 
109 112 0.035336 
109 113 0.02977 
110 112 0.043784 
110 113 0.032665 
110 114 0.027511 
111 113 0.038128 
111 114 0.029544 
111 115 0.021102 
112 114 0.043971 
112 115 0.026865 
113 115 0.038057 
113 116 0.028323 
114 116 0.041613 
114 117 0.034685 
115 117 0.04187 
115 118 0.028945 
116 118 0.04319 
116 119 0.032092 
116 120 0.026476 
117 119 0.043488 
117 120 0.032433 
117 121 0.026286 
118 120 0.040478 
118 121 0.029396 
118 122 0.02113 
119 121 0.038348 
119 122 0.025893 
119 123 0.022514 
120 122 0.033292 
120 123 0.027604 
121 123 0.042014 
121 124 0.033215 
122 124 0.047406 
122 125 0.033788 
123 125 0.041586 
123 126 0.025839 
124 126 0.032523 
124 127 0.025341 
125 127 0.04575 
125 128 0.032327 
125 129 0.02997 
126 128 0.038612 
126 129 0.030826 
126 130 0.024137 
127 129 0.040663 
127 130 0.02758 
127 131 0.023891 
128 130 0.041415 
128 131 0.032719 
128 132 0.026618 
129 131 0.044406 
129 132 0.032585 
130 132 0.0391 
130 133 0.02849 
131 133 0.040766 
131 134 0.025674 
132 134 0.038171 
132 135 0.027904 
133 135 0.04442 
133 136 0.033258 
133 137 0.033843 
134 136 0.044851 
134 137 0.037987 
134 138 0.034264 
135 137 0.051481 
135 138 0.040492 
135 139 0.029578 
136 138 0.038076 
136 139 0.028071 
136 140 0.022489 
137 139 0.042008 
137 140 0.028839 
138 140 0.042073 
138 141 0.034445 
139 141 0.041288 
139 142 0.029764 
140 142 0.034746 
140 143 0.030175 
141 143 0.041481 
141 144 0.030268 
141 145 0.026067 
142 144 0.050441 
142 145 0.037863 
142 146 0.038663 
143 145 0.044883 
143 146 0.035151 
143 147 0.030315 
144 146 0.041732 
144 147 0.032056 
144 148 0.021734 
145 147 0.040085 
145 148 0.024526 
146 148 0.040542 
146 149 0.028588 
147 149 0.034823 
147 150 0.023619 
148 150 0.030614 
148 151 0.023864 
149 151 0.048161 
149 152 0.034943 
149 153 0.028441 
150 152 0.042858 
150 153 0.032388 
150 154 0.024342 
151 153 0.040715 
151 154 0.02839 
151 155 0.025554 
152 154 0.044257 
152 155 0.03142 
152 156 0.028703 
153 155 0.04468 
153 156 0.042924 
154 156 0.045581 
154 157 0.028874 
155 157 0.044466 
155 158 0.025519 
156 158 0.036406 
156 159 0.030481 
157 159 0.035814 
157 160 0.028954 
157 161 0.027688 
158 160 0.040845 
158 161 0.032674 
158 162 0.03062 
159 161 0.042063 
159 162 0.035951 
159 163 0.024973 
160 162 0.036644 
160 163 0.024612 
160 164 0.019483 
161 163 0.035149 
161 164 0.026267 
162 164 0.04469 
162 165 0.034738 
163 165 0.044798 
163 166 0.031406 
164 166 0.039862 
164 167 0.02703 
165 167 0.035758 
165 168 0.028594 
165 169 0.028045 
166 168 0.043121 
166 169 0.037649 
166 170 0.033323 
167 169 0.038998 
167 170 0.03158 
167 171 0.022999 
168 170 0.04538 
168 171 0.02907 
168 172 0.019333 
169 171 0.040177 
169 172 0.024521 
170 172 0.034029 
170 173 0.029128 
171 173 0.036538 
171 174 0.031635 
172 174 0.040085 
172 175 0.027153 
173 175 0.038006 
173 176 0.028884 
173 177 0.024264 
174 176 0.040109 
174 177 0.033617 
174 178 0.026794 
175 177 0.044169 
175 178 0.031871 
175 179 0.02634 
176 178 0.04342 
176 179 0.030854 
176 180 0.026892 
177 179 0.043673 
177 180 0.033674 
178 180 0.042167 
178 181 0.031565 
179 181 0.049727 
179 182 0.03434 
180 182 0.053278 
180 183 0.027463 
181 183 0.033302 
181 184 0.028476 
181 185 0.025542 
182 184 0.035057 
182 185 0.027898 
182 186 0.023592 
183 185 0.032541 
183 186 0.025323 
183 190 0.015693 
184 186 0.041613 
184 187 0.032983 
184 189 0.021822 
185 187 0.037078 
185 188 0.026864 
186 188 0.037343 
186 189 0.028387 
187 189 0.039201 
187 190 0.028391 
187 191 0.024001 
188 190 0.037691 
188 191 0.030117 
188 192 0.026787 
189 191 0.036361 
189 192 0.032274 
190 192 0.036391 
190 193 0.019513 
191 193 0.028152 
191 195 0.018178 
192 194 0.036085 
192 195 0.026795 
193 195 0.042176 
193 196 0.026677 
193 197 0.031651 
194 196 0.037207 
194 197 0.039039 
194 198 0.032146 
194 199 0.025078 
195 197 0.040114 
195 198 0.030125 
196 198 0.031255 
196 199 0.021583 
196 200 0.016656 
197 199 0.039516 
197 200 0.027766 
198 200 0.042339 
198 201 0.033778 
199 201 0.046676 
199 202 0.032514 
200 202 0.035294 
200 203 0.026515 
201 203 0.03827 
201 204 0.028124 
201 205 0.024002 
202 204 0.0397 
202 205 0.031272 
202 206 0.029532 
203 205 0.040317 
203 206 0.035331 
203 207 0.029738 
204 206 0.043612 
204 207 0.035322 
204 209 0.019287 
205 207 0.043898 
205 208 0.031715 
206 208 0.043856 
206 209 0.029504 
207 209 0.039418 
207 210 0.026853 
208 210 0.038066 
208 211 0.027874 
208 212 0.029912 
209 211 0.031417 
209 212 0.030778 
210 212 0.036776 
210 213 0.027401 
210 214 0.021651 
211 213 0.0452 
211 214 0.030624 
211 215 0.022232 
212 214 0.041718 
212 215 0.027655 
213 215 0.036797 
213 216 0.029977 
213 217 0.027716 
214 216 0.042153 
214 217 0.037111 
215 217 0.047621 
215 218 0.028829 
216 218 0.037159 
216 219 0.028329 
216 220 0.023549 
217 219 0.042778 
217 220 0.036212 
218 220 0.050486 
218 221 0.032942 
218 222 0.027008 
219 221 0.037857 
219 222 0.029702 
219 223 0.023644 
220 222 0.041219 
220 223 0.030618 
221 223 0.038789 
221 224 0.027587 
221 225 0.022549 
222 224 0.037369 
222 225 0.029875 
223 225 0.03888 
223 226 0.031313 
224 226 0.036433 
224 227 0.026938 
224 228 0.019301 
225 227 0.033835 
225 228 0.024923 
226 228 0.040435 
226 229 0.030814 
226 230 0.026744 
227 229 0.041262 
227 230 0.031715 
227 231 0.023479 
228 230 0.038325 
228 231 0.025964 
229 231 0.034826 
229 232 0.027166 
229 233 0.020947 
230 232 0.03618 
230 234 0.026844 
231 233 0.033905 
231 234 0.032699 
232 234 0.041951 
232 235 0.028741 
232 236 0.022815 
233 235 0.035707 
233 236 0.02404 
233 237 0.020739 
234 236 0.040368 
234 237 0.032658 
235 237 0.039432 
235 238 0.029839 
235 239 0.025376 
236 238 0.040859 
236 239 0.031254 
237 239 0.041313 
237 240 0.03113 
238 240 0.038366 
238 241 0.026148 
238 242 0.022951 
239 241 0.036384 
239 242 0.027068 
240 242 0.039589 
240 243 0.029483 
240 244 0.024659 
241 243 0.039637 
241 244 0.032103 
241 245 0.027191 
242 244 0.04214 
242 245 0.029564 
243 245 0.032954 
243 246 0.02416 
243 247 0.018111 
244 246 0.028021 
244 247 0.020457 
245 247 0.042788 
245 248 0.036485 
246 248 0.044467 
246 249 0.034761 
246 250 0.031074 
247 249 0.041582 
247 250 0.032383 
248 250 0.042888 
248 251 0.030548 
248 253 0.018479 
249 251 0.038426 
249 252 0.025243 
249 254 0.02247 
250 252 0.031368 
250 253 0.027603 
251 253 0.035493 
251 254 0.037683 
251 255 0.028331 
252 254 0.04302 
252 255 0.02897 
252 256 0.021128 
253 255 0.035427 
253 256 0.023894 
254 256 0.035386 
254 257 0.024902 
255 257 0.041082 
255 258 0.026827 
256 258 0.036481 
256 259 0.025913 
257 259 0.034303 
257 260 0.028025 
257 261 0.024573 
258 260 0.03679 
258 261 0.027206 
258 262 0.025235 
259 261 0.037841 
259 262 0.029159 
259 263 0.022496 
260 262 0.039593 
260 263 0.026105 
260 264 0.021315 
261 263 0.036746 
261 264 0.025546 
262 264 0.036585 
262 265 0.027481 
263 265 0.041129 
263 266 0.033512 
264 266 0.04708 
264 267 0.028506 
265 267 0.037384 
265 268 0.024853 
265 269 0.018446 
266 268 0.035887 
266 269 0.025289 
266 270 0.021278 
267 269 0.033216 
267 270 0.027844 
267 271 0.023437 
268 270 0.042017 
268 271 0.030694 
268 272 0.028758 
269 271 0.037846 
269 272 0.028996 
270 272 0.035144 
270 273 0.02728 
271 273 0.041144 
271 274 0.032321 
272 274 0.047422 
272 275 0.026085 
273 275 0.037261 
273 276 0.027006 
273 277 0.023784 
274 276 0.042821 
274 277 0.034738 
274 278 0.034455 
275 277 0.04218 
275 278 0.03194 
275 279 0.027014 
276 278 0.044302 
276 279 0.030905 
276 280 0.020952 
277 279 0.044762 
277 280 0.027247 
278 280 0.038773 
278 281 0.028625 
279 281 0.035234 
279 282 0.024752 
280 282 0.036196 
280 283 0.027998 
281 283 0.04514 
281 284 0.032991 
281 285 0.022542 
282 284 0.041754 
282 285 0.029189 
282 286 0.022571 
283 285 0.04009 
283 286 0.026876 
283 287 0.024323 
284 286 0.039104 
284 287 0.030388 
284 288 0.020558 
285 287 0.037212 
285 288 0.023419 
286 288 0.03095 
286 289 0.02573 
287 289 0.040298 
287 290 0.032326 
288 290 0.035011 
288 291 0.027987 
289 291 0.042688 
289 292 0.02442 
289 293 0.020381 
290 292 0.036044 
290 293 0.025176 
290 294 0.023932 
291 293 0.035987 
291 294 0.026869 
291 295 0.027424 
292 294 0.028985 
292 295 0.028516 
292 296 0.026236 
293 296 0.029563 
293 297 0.020605 
294 296 0.025172 
294 297 0.026082 
295 297 0.028141 
295 298 0.022726 
295 299 0.021532 
296 298 0.031659 
296 299 0.032253 
297 299 0.037819 
297 300 0.025953 
298 300 0.03229 
298 301 0.023798 
298 302 0.023705 
299 301 0.031337 
299 302 0.031097 
300 302 0.038205 
300 303 0.025254 
300 304 0.018884 
301 303 0.03317 
301 304 0.023764 
301 305 0.020216 
302 304 0.036052 
302 305 0.037111 
303 305 0.045796 
303 306 0.025086 
303 307 0.021822 
304 306 0.030828 
304 307 0.025433 
305 307 0.044907 
305 308 0.026702 
306 308 0.037318 
306 309 0.029746 
306 310 0.023185 
307 309 0.039087 
307 310 0.028418 
308 310 0.032723 
308 311 0.024645 
308 312 0.021105 
309 311 0.034258 
309 312 0.029221 
309 313 0.025274 
310 312 0.042774 
310 313 0.03115 
311 313 0.03829 
311 314 0.02901 
311 315 0.021443 
312 314 0.043342 
312 315 0.026753 
313 315 0.033961 
313 316 0.02633 
314 316 0.033743 
314 317 0.026642 
314 318 0.022144 
315 317 0.040112 
315 318 0.029336 
316 318 0.037123 
316 319 0.02545 
316 320 0.021493 
317 319 0.035791 
317 320 0.02724 
317 321 0.023415 
318 320 0.041794 
318 321 0.031983 
319 321 0.041664 
319 322 0.028298 
319 324 0.015756 
320 322 0.040194 
320 323 0.025326 
321 323 0.036477 
321 324 0.025233 
322 324 0.037372 
322 325 0.026976 
322 326 0.029699 
323 325 0.033706 
323 326 0.02973 
323 327 0.022053 
324 326 0.040153 
324 327 0.028085 
325 327 0.034038 
325 328 0.027313 
325 329 0.022858 
326 328 0.040893 
326 329 0.0311 
327 329 0.042191 
327 330 0.027879 
328 330 0.035897 
328 331 0.024239 
328 332 0.024284 
329 331 0.029086 
329 332 0.025958 
330 332 0.037692 
330 333 0.022818 
330 334 0.020735 
331 333 0.025747 
331 334 0.023805 
331 335 0.021257 
332 334 0.030267 
332 335 0.027259 
333 335 0.047536 
333 336 0.029084 
333 337 0.020319 
334 336 0.036162 
334 338 0.016284 
335 337 0.025891 
335 339 0.020644 
336 338 0.032225 
336 339 0.034992 
336 340 0.030482 
337 339 0.042593 
337 340 0.033828 
337 341 0.023521 
338 340 0.039274 
338 341 0.026534 
338 342 0.019633 
339 341 0.039787 
339 342 0.02831 
340 342 0.036849 
340 343 0.029395 
341 343 0.033155 
341 344 0.024182 
342 344 0.037797 
342 345 0.026129 
343 345 0.03646 
343 346 0.02909 
343 347 0.024418 
344 346 0.040687 
344 347 0.029639 
344 348 0.021759 
345 347 0.041639 
345 348 0.028286 
345 349 0.022587 
346 348 0.039346 
346 349 0.029319 
346 350 0.025323 
347 349 0.044194 
347 350 0.035538 
348 350 0.042862 
348 351 0.029717 
349 351 0.039554 
349 352 0.029632 
350 352 0.036791 
350 353 0.029259 
351 353 0.046145 
351 354 0.036323 
351 355 0.027351 
352 354 0.046903 
352 355 0.034522 
352 356 0.023586 
353 355 0.044308 
353 356 0.028821 
353 357 0.025454 
354 356 0.042702 
354 357 0.036717 
354 358 0.020552 
355 357 0.044069 
355 358 0.024139 
356 358 0.030664 
356 359 0.02917 
357 359 0.04994 
357 360 0.036495 
358 360 0.031301 
358 361 0.023374 
359 361 0.040797 
359 362 0.027549 
359 363 0.022764 
360 362 0.039736 
360 363 0.02822 
360 364 0.021701 
361 363 0.041512 
361 364 0.028685 
361 365 0.02584 
362 364 0.043714 
362 365 0.033522 
362 366 0.026891 
363 365 0.046708 
363 366 0.031497 
364 366 0.033793 
364 367 0.027942 
365 367 0.038767 
365 372 0.014967 
366 368 0.044226 
366 369 0.03184 
367 369 0.036849 
367 370 0.031014 
367 371 0.028226 
368 370 0.050916 
368 371 0.037935 
368 372 0.030658 
368 373 0.028262 
369 371 0.051737 
369 372 0.036725 
369 373 0.033542 
370 372 0.047914 
370 373 0.04164 
370 374 0.030698 
371 373 0.051412 
371 374 0.039187 
372 374 0.063507 
373 380 0.022373 
374 380 0.028615 
374 381 0.022338 
380 382 0.079943 
380 383 0.065112 
380 384 0.062475 
381 383 0.065673 
381 384 0.056778 
381 385 0.036478 
381 388 0.022488 
382 384 0.069315 
382 385 0.039256 
382 386 0.030327 
382 389 0.017112 
383 385 0.051072 
383 386 0.037107 
383 387 0.033177 
384 386 0.049362 
384 387 0.049852 
385 387 0.055557 
385 388 0.046338 
386 388 0.061138 
386 389 0.036724 
387 389 0.047115 
387 390 0.027291 
388 390 0.03555 
388 391 0.01898 
389 391 0.037396 
389 392 0.024603 
390 392 0.041279 
390 393 0.030222 
390 394 0.025424 
391 393 0.039672 
391 394 0.029579 
391 395 0.025247 
392 394 0.044739 
392 395 0.032906 
392 396 0.027015 
393 395 0.044471 
393 396 0.032265 
393 397 0.032259 
394 396 0.038391 
394 397 0.035245 
395 397 0.045518 
395 398 0.03556 
396 398 0.040392 
396 399 0.023465 
397 399 0.033282 
397 400 0.024567 
398 400 0.040217 
398 401 0.041114 
398 402 0.023993 
399 401 0.036771 
399 402 0.025447 
399 403 0.024102 
400 402 0.039899 
400 403 0.039148 
400 404 0.034845 
401 403 0.043624 
401 404 0.03904 
401 405 0.023424 
402 404 0.041025 
402 405 0.026565 
403 405 0.041243 
403 406 0.028532 
404 406 0.046925 
404 407 0.035726 
405 407 0.042807 
405 408 0.030881 
406 408 0.043013 
406 409 0.028023 
406 410 0.023705 
407 409 0.043225 
407 410 0.032146 
407 411 0.02596 
408 410 0.042378 
408 411 0.030945 
408 412 0.028675 
409 411 0.034299 
409 412 0.029252 
409 413 0.022649 
410 412 0.038206 
410 413 0.028179 
411 413 0.043368 
411 414 0.028836 
412 414 0.040286 
412 415 0.025745 
413 415 0.034866 
413 416 0.032553 
414 416 0.040122 
414 417 0.033615 
414 418 0.028053 
415 417 0.03565 
415 418 0.027733 
415 419 0.020121 
416 418 0.039005 
416 419 0.026341 
416 420 0.022786 
417 419 0.037517 
417 420 0.031396 
417 421 0.03023 
418 420 0.045572 
418 421 0.037911 
419 421 0.042842 
419 422 0.023152 
420 422 0.030107 
420 423 0.026196 
421 423 0.041489 
421 424 0.028936 
422 424 0.038055 
422 425 0.025242 
422 426 0.020123 
423 425 0.032125 
423 426 0.026594 
423 427 0.024863 
424 426 0.03499 
424 427 0.031462 
424 430 0.015641 
425 427 0.045776 
425 428 0.031384 
425 429 0.023096 
426 428 0.03552 
426 429 0.025592 
427 429 0.035076 
427 430 0.025081 
428 430 0.039847 
428 431 0.034864 
428 432 0.029016 
429 431 0.04233 
429 432 0.031316 
430 432 0.036528 
430 433 0.026368 
431 433 0.03711 
431 434 0.02924 
431 435 0.020964 
432 434 0.045943 
432 435 0.029812 
433 435 0.036486 
433 436 0.027121 
433 437 0.02481 
434 436 0.039303 
434 437 0.033968 
434 438 0.031643 
435 437 0.042848 
435 438 0.036814 
436 438 0.04177 
436 439 0.029668 
436 440 0.023865 
437 439 0.042686 
437 440 0.028785 
438 440 0.044947 
438 441 0.031317 
439 441 0.044676 
439 442 0.035889 
439 443 0.035413 
440 442 0.052193 
440 443 0.045932 
441 443 0.054158 
441 444 0.025671 
441 445 0.024092 
442 444 0.034643 
442 445 0.037969 
442 446 0.022772 
443 445 0.057076 
443 446 0.029947 
444 446 0.03454 
444 447 0.025907 
444 448 0.021448 
445 447 0.037489 
445 448 0.028621 
446 448 0.037641 
446 449 0.027811 
447 449 0.04253 
447 450 0.027668 
447 451 0.019514 
448 450 0.036202 
448 451 0.025741 
449 451 0.041162 
449 452 0.029855 
449 453 0.026644 
450 452 0.037065 
450 453 0.032925 
450 454 0.02401 
451 453 0.047773 
451 454 0.032493 
452 454 0.038713 
452 455 0.03037 
452 456 0.025734 
453 455 0.035732 
453 456 0.029149 
454 456 0.042031 
454 457 0.031376 
455 457 0.03911 
455 458 0.028654 
455 459 0.023881 
456 458 0.036788 
456 459 0.028979 
457 459 0.04351 
457 460 0.031723 
457 461 0.023125 
458 460 0.044309 
458 461 0.032822 
458 462 0.028429 
459 461 0.042364 
459 462 0.033932 
460 462 0.04462 
460 463 0.035202 
460 464 0.022901 
461 463 0.041758 
461 464 0.027777 
462 464 0.039307 
462 465 0.027655 
463 465 0.043579 
463 466 0.037692 
463 467 0.034105 
464 466 0.043368 
464 467 0.034867 
465 467 0.043333 
465 468 0.027167 
465 469 0.022762 
466 468 0.036715 
466 469 0.029076 
466 470 0.024803 
467 469 0.038315 
467 470 0.030338 
468 470 0.048237 
468 471 0.033064 
468 472 0.025825 
469 471 0.045061 
469 472 0.031158 
470 472 0.035499 
470 473 0.022061 
471 473 0.03471 
471 474 0.027038 
471 475 0.023735 
472 474 0.037395 
472 475 0.03059 
473 475 0.054293 
473 476 0.038983 
473 477 0.028057 
474 476 0.050351 
474 477 0.031037 
474 481 0.016988 
475 477 0.041061 
475 478 0.026716 
476 478 0.036064 
476 479 0.028588 
476 480 0.023514 
477 479 0.040396 
477 480 0.031167 
478 480 0.043166 
478 481 0.037539 
478 482 0.02788 
479 481 0.039813 
479 482 0.029292 
479 483 0.022475 
480 482 0.035221 
480 483 0.028447 
481 483 0.043937 
481 484 0.036021 
482 484 0.054716 
482 485 0.036518 
483 485 0.041899 
483 486 0.030395 
484 486 0.045656 
484 487 0.030734 
484 488 0.026453 
485 487 0.043599 
485 488 0.033377 
485 489 0.025873 
486 488 0.042063 
486 489 0.02759 
486 490 0.030949 
487 489 0.034087 
487 490 0.031273 
487 491 0.022205 
488 490 0.041907 
488 491 0.026376 
489 491 0.042391 
489 492 0.027184 
490 492 0.046148 
490 493 0.026363 
491 493 0.028169 
491 494 0.023874 
492 494 0.039135 
492 495 0.031604 
492 496 0.024519 
493 495 0.043293 
493 496 0.030441 
493 500 0.015714 
494 496 0.038727 
494 497 0.028098 
494 498 0.025073 
495 497 0.039739 
495 498 0.031505 
495 499 0.024159 
496 498 0.038419 
496 499 0.027173 
497 499 0.034372 
497 500 0.029615 
497 501 0.026042 
498 500 0.040778 
498 501 0.035104 
499 501 0.045574 
499 502 0.031953 
500 502 0.043583 
500 503 0.02871 
501 503 0.036332 
501 504 0.029814 
502 504 0.040017 
502 505 0.031251 
502 506 0.021415 
503 505 0.040301 
503 506 0.032526 
503 507 0.030803 
504 506 0.042452 
504 507 0.038025 
504 508 0.033054 
505 507 0.041776 
505 508 0.035149 
505 509 0.027485 
506 508 0.0429 
506 509 0.032168 
507 509 0.041526 
507 510 0.027932 
508 510 0.039342 
508 511 0.026032 
509 511 0.032717 
509 512 0.025434 
510 512 0.041863 
510 513 0.026423 
510 514 0.021735 
511 513 0.038312 
511 514 0.029495 
511 515 0.026012 
512 514 0.038139 
512 515 0.03203 
512 516 0.029574 
513 515 0.038149 
513 516 0.031673 
513 517 0.025126 
514 516 0.036004 
514 517 0.025957 
515 517 0.035276 
515 518 0.024444 
516 518 0.033893 
516 519 0.023818 
517 519 0.038994 
517 520 0.030784 
518 520 0.042628 
518 521 0.030294 
518 522 0.028945 
519 521 0.03759 
519 522 0.033822 
519 523 0.023908 
520 522 0.036889 
520 523 0.023125 
520 524 0.019134 
521 523 0.032208 
521 524 0.023123 
521 525 0.020312 
522 524 0.035515 
522 525 0.029066 
523 525 0.04873 
523 526 0.038152 
524 526 0.045129 
524 527 0.03403 
525 527 0.043548 
525 528 0.0298 
526 528 0.043918 
526 529 0.034632 
526 530 0.026357 
527 529 0.054302 
527 530 0.039586 
527 531 0.028594 
528 530 0.067648 
528 531 0.044331 
528 532 0.030457 
529 531 0.044742 
529 532 0.031413 
529 533 0.023907 
530 532 0.03952 
530 533 0.031107 
531 533 0.037626 
531 534 0.025996 
532 534 0.032977 
532 535 0.02538 
533 535 0.036812 
533 536 0.030333 
534 536 0.053253 
534 537 0.034989 
534 538 0.02898 
535 537 0.044801 
535 538 0.03301 
535 539 0.030772 
536 538 0.042267 
536 539 0.036141 
536 540 0.027078 
537 539 0.050568 
537 540 0.030313 
537 541 0.024871 
538 540 0.040568 
538 541 0.032654 
539 541 0.043432 
539 542 0.031039 
540 542 0.043413 
540 543 0.031736 
541 543 0.045363 
541 544 0.03246 
542 544 0.036807 
542 545 0.025952 
542 546 0.023796 
543 545 0.031963 
543 546 0.029072 
543 547 0.025373 
544 546 0.045364 
544 547 0.029695 
544 548 0.026687 
545 547 0.040018 
545 548 0.030007 
545 549 0.028071 
546 548 0.036299 
546 549 0.031008 
547 549 0.035993 
547 550 0.030812 
548 550 0.036921 
548 555 0.018681 
549 551 0.037943 
549 556 0.021895 
550 552 0.040542 
550 553 0.036543 
550 554 0.032458 
551 553 0.054183 
551 554 0.046613 
551 555 0.037829 
551 556 0.033823 
552 554 0.057451 
552 555 0.045313 
552 556 0.041713 
552 557 0.030859 
553 555 0.062559 
553 556 0.055246 
553 557 0.042276 
554 556 0.10027 
554 557 0.06581 
555 557 0.11912 
