
Gurobi Optimizer version 7.5.1 build v7.5.1rc0 (linux64)
Copyright (c) 2017, Gurobi Optimization, Inc.

Read LP format model from file all.lp
Reading time = 1.00 seconds
obj: 1223 rows, 369463 columns, 738926 nonzeros
Optimize a model with 1223 rows, 369463 columns and 738926 nonzeros
Variable types: 0 continuous, 369463 integer (369463 binary)
Coefficient statistics:
  Matrix range     [1e+00, 1e+00]
  Objective range  [1e-05, 2e-02]
  Bounds range     [1e+00, 1e+00]
  RHS range        [1e+00, 1e+00]
Found heuristic solution: objective 0.199882
Presolve time: 2.14s
Presolved: 1223 rows, 369463 columns, 738926 nonzeros
Variable types: 0 continuous, 369463 integer (369463 binary)

Starting sifting (using dual simplex for sub-problems)...

    Iter     Pivots    Primal Obj      Dual Obj        Time
       0          0     infinity     -7.0472840e-01      3s
       1        800  -3.7691604e-01  -6.8683897e-01      3s
       2       1974  -4.1210880e-01  -6.7862440e-01      3s
       3       3156  -4.2908213e-01  -6.6985652e-01      3s
       4       4372  -4.5055877e-01  -6.6018778e-01      3s
       5       5670  -4.6937415e-01  -6.5125020e-01      3s
       6       6953  -4.9139975e-01  -6.4275059e-01      3s
       7       8354  -5.0868126e-01  -6.3581383e-01      3s
       8       9748  -5.2461128e-01  -6.2806047e-01      3s
       9      11142  -5.4425652e-01  -6.1610648e-01      3s
      10      12543  -5.5830014e-01  -6.0943493e-01      3s
      11      13937  -5.6326231e-01  -6.0370890e-01      3s
      12      15328  -5.6614034e-01  -6.0075026e-01      4s
      13      16702  -5.6972836e-01  -5.9878912e-01      4s
      14      18122  -5.7357212e-01  -5.9575321e-01      4s
      15      19464  -5.7473215e-01  -5.8600243e-01      4s
      16      20682  -5.7476859e-01  -5.8093579e-01      4s
      17      21782  -5.7526252e-01  -5.7804200e-01      4s

Sifting complete


Root relaxation: objective 5.752620e-01, 22797 iterations, 1.64 seconds

    Nodes    |    Current Node    |     Objective Bounds      |     Work
 Expl Unexpl |  Obj  Depth IntInf | Incumbent    BestBd   Gap | It/Node Time

*    0     0               0       0.5752620    0.57526  0.00%     -    4s

Explored 0 nodes (22797 simplex iterations) in 4.90 seconds
Thread count was 16 (of 16 available processors)

Solution count 2: 0.575262 0.199882 

Optimal solution found (tolerance 1.00e-04)
Best objective 5.752620100000e-01, best bound 5.752620100000e-01, gap 0.0000%

Wrote result file 'all.sol'

% Gurobi computed a set of 547 edges and weight 0.5752620100000003
6 1005 0.010379 
7 1007 0.01281 
8 1008 0.016512 
9 1006 0.0152 
10 567 0.0067799 
11 1003 0.0044078 
12 1002 0.0033921 
13 1001 0.003124 
14 569 0.003584 
15 1000 0.0030718 
16 576 0.0016501 
17 997 0.0019273 
18 999 0.0017369 
19 994 0.0015184 
20 996 0.0015672 
21 998 0.0016481 
22 987 0.0010116 
23 992 0.0011551 
24 988 0.0010454 
25 964 0.00094843 
26 989 0.00094537 
27 586 0.00093536 
28 993 0.0010825 
29 991 0.00081005 
30 961 0.00086834 
31 978 0.00091382 
32 977 0.00092138 
33 915 0.0007515 
34 972 0.00084265 
35 967 0.00080208 
36 950 0.00073268 
37 947 0.00066593 
38 986 0.00090502 
39 971 0.00087172 
40 959 0.00062281 
41 962 0.00078765 
42 990 0.00075791 
43 946 0.00063479 
44 975 0.00076097 
45 939 0.00074782 
46 979 0.00081082 
47 954 0.00058561 
48 974 0.0006608 
49 980 0.00071868 
50 970 0.00063312 
51 973 0.00076791 
52 914 0.00070319 
53 968 0.00081848 
54 981 0.00064223 
55 597 0.00060989 
56 936 0.00061661 
57 982 0.00065281 
58 922 0.00078053 
59 984 0.0010906 
60 985 0.00089057 
61 953 0.00057919 
62 869 0.00054257 
63 983 0.00062912 
64 976 0.00072623 
65 948 0.00071155 
66 932 0.00058397 
67 596 0.00056842 
68 949 0.00059867 
69 901 0.00069311 
70 955 0.00072531 
71 942 0.00065206 
72 594 0.00048524 
73 935 0.00052074 
74 956 0.00063075 
75 963 0.00060014 
76 937 0.00063233 
77 888 0.00051668 
78 880 0.00055264 
79 938 0.0006496 
80 851 0.000483 
81 871 0.0004992 
82 605 0.00054907 
83 920 0.00047235 
84 635 0.0005013 
85 849 0.00053556 
86 844 0.0004502 
87 957 0.00058689 
88 923 0.00068517 
89 965 0.00066357 
90 966 0.00060994 
91 919 0.0005549 
92 958 0.00067481 
93 909 0.00053665 
94 669 0.0012164 
95 917 0.00066583 
96 1255 0.00052597 
97 893 0.00050167 
98 902 0.00058356 
99 934 0.00055224 
100 861 0.00044346 
101 900 0.00058144 
102 1244 0.00047442 
103 884 0.00060872 
104 885 0.00044882 
105 916 0.00050562 
106 960 0.00063887 
107 883 0.00058298 
108 912 0.00053507 
109 951 0.00053653 
110 931 0.00052634 
111 943 0.00066623 
112 924 0.00053998 
113 848 0.000552 
114 824 0.00046905 
115 940 0.00056236 
116 908 0.00054963 
117 603 0.00045799 
118 814 0.00045753 
119 910 0.00052241 
120 877 0.00058108 
121 903 0.00063142 
122 929 0.00048221 
123 1232 0.0004553 
124 952 0.00061254 
125 887 0.0004746 
126 918 0.00042317 
127 927 0.00054291 
128 863 0.00051442 
129 838 0.00050773 
130 867 0.00055742 
131 623 0.00049587 
132 641 0.00045735 
133 654 0.00040733 
134 810 0.00045779 
135 796 0.00059628 
136 820 0.00057152 
137 858 0.00050213 
138 905 0.00055149 
139 841 0.00052554 
140 891 0.00049444 
141 850 0.00042556 
142 889 0.00060036 
143 925 0.0004317 
144 892 0.00058393 
145 933 0.00048699 
146 854 0.00074828 
147 1204 0.00045716 
148 836 0.00047647 
149 1243 0.00045058 
150 895 0.00047546 
151 926 0.00049892 
152 890 0.00041693 
153 813 0.00043864 
154 928 0.00053569 
155 874 0.00066379 
156 831 0.00044005 
157 930 0.00059869 
158 944 0.00054107 
159 860 0.00056129 
160 1252 0.00058103 
161 837 0.00053036 
162 823 0.0004546 
163 857 0.00053208 
164 862 0.00045002 
165 616 0.00055561 
166 834 0.00051262 
167 835 0.00048457 
168 899 0.00045602 
169 638 0.00044848 
170 911 0.00044581 
171 620 0.00051866 
172 821 0.00052816 
173 599 0.00047897 
174 592 0.00049462 
175 600 0.00046659 
176 595 0.00048704 
177 1256 0.0007134 
178 1224 0.00045996 
179 875 0.00052526 
180 1237 0.00044718 
181 793 0.00045224 
182 852 0.00039574 
183 870 0.00060886 
184 1034 0.00045426 
185 1023 0.00056007 
186 802 0.0012813 
187 1236 0.00053763 
188 794 0.00054823 
189 1026 0.00055155 
190 827 0.00045636 
191 1029 0.0005545 
192 907 0.00044569 
193 606 0.00049231 
194 864 0.00057339 
195 945 0.00070798 
196 1111 0.0010028 
197 1253 0.00055596 
198 878 0.00045872 
199 873 0.00070467 
200 829 0.00046607 
201 1234 0.00040323 
202 866 0.00050759 
203 1219 0.00061235 
204 1016 0.0005312 
205 855 0.00068899 
206 604 0.00053268 
207 1226 0.00046575 
208 650 0.00049995 
209 1254 0.0004843 
210 1054 0.00048276 
211 1158 0.00078973 
212 856 0.00061472 
213 1248 0.00041535 
214 679 0.00050114 
215 842 0.00051456 
216 1251 0.00063248 
217 1030 0.00043478 
218 881 0.00048799 
219 1246 0.00053244 
220 1020 0.00057015 
221 904 0.00044747 
222 792 0.00043685 
223 629 0.00043703 
224 1230 0.0004786 
225 1094 0.0016165 
226 897 0.00049209 
227 894 0.0004686 
228 969 0.00056368 
229 817 0.0007085 
230 1022 0.00045268 
231 591 0.00065647 
232 1242 0.00047364 
233 1047 0.00067318 
234 826 0.00045204 
235 789 0.00043332 
236 1028 0.00048991 
237 1202 0.00049092 
238 847 0.00045529 
239 804 0.00042918 
240 1018 0.00050065 
241 1206 0.00050977 
242 896 0.00051607 
243 1017 0.00052211 
244 1021 0.00052869 
245 1218 0.00047814 
246 1228 0.00046663 
247 1027 0.00045281 
248 941 0.00050787 
249 1225 0.00067079 
250 674 0.00055385 
251 1221 0.00045799 
252 803 0.00061436 
253 822 0.00058467 
254 846 0.00048522 
255 898 0.00053391 
256 811 0.00049664 
257 1164 0.00064925 
258 1044 0.0006146 
259 825 0.00050293 
260 1066 0.00060126 
261 1061 0.0005573 
262 809 0.00049597 
263 830 0.00044043 
264 816 0.00050105 
265 1194 0.0004784 
266 1036 0.0006731 
267 1182 0.00051119 
268 1240 0.00048297 
269 1183 0.00048738 
270 655 0.00057545 
271 1080 0.00047512 
272 1060 0.00049519 
273 806 0.00053009 
274 683 0.00049353 
275 1170 0.00052795 
276 1068 0.00048474 
277 749 0.00051057 
278 657 0.00047873 
279 756 0.0005564 
280 763 0.00051497 
281 1058 0.00044649 
282 1076 0.00049736 
283 662 0.00052665 
284 1062 0.0004803 
285 1078 0.000486 
286 1223 0.00053937 
287 765 0.00049821 
288 664 0.00059927 
289 1205 0.00062124 
290 1239 0.00054939 
291 1067 0.00081433 
292 1209 0.0005628 
293 785 0.00057208 
294 1216 0.00055412 
295 1033 0.000746 
296 833 0.00079668 
297 1196 0.00056118 
298 649 0.000578 
299 752 0.00059761 
300 1176 0.00056572 
301 1192 0.00060728 
302 767 0.00053283 
303 1072 0.00062879 
304 680 0.00053032 
305 1167 0.00050943 
306 1065 0.00066133 
307 1168 0.00053454 
308 711 0.0007759 
309 1088 0.00063011 
310 746 0.00053624 
311 673 0.00062929 
312 660 0.00058535 
313 1161 0.00063418 
314 1063 0.00058737 
315 761 0.00063505 
316 1198 0.00056987 
317 1081 0.00074804 
318 698 0.00055578 
319 678 0.00061728 
320 1180 0.000709 
321 1079 0.00062679 
322 675 0.00057861 
323 751 0.00068248 
324 1184 0.00062877 
325 1091 0.00076333 
326 1185 0.00062527 
327 759 0.00071482 
328 1148 0.00073192 
329 1102 0.00075173 
330 1189 0.00068408 
331 730 0.00092588 
332 1151 0.00080109 
333 1103 0.00085332 
334 696 0.00077806 
335 735 0.00099518 
336 712 0.00071091 
337 1074 0.00093716 
338 1172 0.0013239 
339 1082 0.0007794 
340 706 0.00081736 
341 686 0.00083689 
342 762 0.00079852 
343 1092 0.00089316 
344 1141 0.00084417 
345 703 0.00099981 
346 743 0.00092253 
347 1143 0.00090434 
348 1108 0.0011135 
349 1136 0.0011327 
350 702 0.0010151 
351 1142 0.0010265 
352 1138 0.0010419 
353 1106 0.0011186 
354 1112 0.0010257 
355 1139 0.0011264 
356 1095 0.0016364 
357 1137 0.0010182 
358 713 0.0012627 
359 1140 0.0012601 
360 716 0.0015625 
361 1114 0.0013612 
362 1134 0.0014073 
363 732 0.0013661 
364 1135 0.0017138 
365 715 0.0019207 
366 1116 0.002375 
367 729 0.0021585 
368 1113 0.002288 
369 1132 0.0026636 
370 1117 0.0030533 
371 728 0.0030072 
372 1130 0.003829 
373 726 0.0055808 
374 724 0.0064054 
380 1024 0.0070241 
381 1128 0.0073265 
382 1127 0.0061194 
383 1118 0.0041723 
384 725 0.0046213 
385 727 0.0039139 
386 1129 0.0033925 
387 1115 0.0020695 
388 734 0.0021088 
389 714 0.0016384 
390 717 0.001624 
391 1131 0.0017008 
392 731 0.0012637 
393 736 0.0014652 
394 741 0.0012141 
395 733 0.0013428 
396 1133 0.0013772 
397 737 0.0011906 
398 747 0.00082531 
399 1110 0.0010862 
400 740 0.0011983 
401 739 0.001259 
402 744 0.00098751 
403 753 0.0010221 
404 1109 0.00087706 
405 1150 0.00074447 
406 879 0.00095109 
407 1101 0.00077028 
408 1093 0.00073173 
409 1099 0.00081241 
410 1105 0.00077664 
411 745 0.000823 
412 1090 0.00074367 
413 738 0.00076794 
414 1104 0.00072533 
415 757 0.00082342 
416 754 0.00076427 
417 755 0.00071053 
418 1096 0.00062942 
419 1085 0.00075755 
420 1077 0.00080192 
421 1083 0.00064499 
422 1089 0.00078573 
423 1166 0.00061108 
424 709 0.0018767 
425 1171 0.00068636 
426 1084 0.00072402 
427 1152 0.00065553 
428 663 0.00056233 
429 1175 0.00064172 
430 1100 0.00071643 
431 704 0.00056587 
432 1075 0.00063081 
433 1070 0.00058435 
434 1156 0.00052685 
435 700 0.00056124 
436 766 0.00066292 
437 832 0.0005635 
438 636 0.00051009 
439 1179 0.00066631 
440 1057 0.00049968 
441 1231 0.00054732 
442 1064 0.0005787 
443 646 0.00070329 
444 1087 0.00068348 
445 1049 0.00061251 
446 1069 0.00060013 
447 1040 0.00087122 
448 782 0.00055488 
449 1191 0.00046402 
450 812 0.0006808 
451 1188 0.0005512 
452 1195 0.00050072 
453 780 0.00063295 
454 626 0.000505 
455 684 0.00048811 
456 1052 0.00055126 
457 1217 0.00057077 
458 1046 0.00052905 
459 781 0.00049979 
460 750 0.0005229 
461 1050 0.00048911 
462 1190 0.00054357 
463 1032 0.00048424 
464 1200 0.00061665 
465 800 0.00066079 
466 1177 0.00051214 
467 1055 0.00046833 
468 787 0.00053922 
469 865 0.00061086 
470 1042 0.0004787 
471 1071 0.00044845 
472 642 0.00046421 
473 1245 0.00047212 
474 1199 0.00053896 
475 1193 0.00050866 
476 1250 0.0004827 
477 1025 0.00049732 
478 1212 0.00060766 
479 1215 0.00058732 
480 1214 0.00069737 
481 783 0.00041879 
482 1037 0.00047069 
483 1233 0.00060031 
484 637 0.00043346 
485 670 0.00041295 
486 1235 0.00048287 
487 1045 0.0004882 
488 758 0.00051525 
489 1238 0.00058269 
490 815 0.00050472 
491 840 0.00058204 
492 1210 0.00045857 
493 882 0.00064024 
494 1203 0.00046105 
495 1039 0.00054778 
496 1220 0.00065428 
497 630 0.00056035 
498 913 0.00051225 
499 790 0.00054254 
500 798 0.00047151 
501 828 0.00052079 
502 622 0.00046297 
503 1035 0.00071983 
504 839 0.00057736 
505 1019 0.00042146 
506 1249 0.00051834 
507 613 0.00048879 
508 618 0.00057989 
509 590 0.00054684 
510 628 0.0006515 
511 778 0.00050217 
512 845 0.00051583 
513 843 0.00055421 
514 617 0.00057089 
515 583 0.00057792 
516 615 0.00054814 
517 627 0.00070005 
518 859 0.00055682 
519 585 0.00067772 
520 584 0.00096662 
521 625 0.00058571 
522 589 0.00069944 
523 607 0.00054886 
524 1174 0.0005185 
525 819 0.0005002 
526 602 0.00047452 
527 588 0.00063193 
528 581 0.00084342 
529 612 0.00054629 
530 906 0.00055807 
531 587 0.00058154 
532 770 0.00073561 
533 1041 0.00069694 
534 578 0.00098913 
535 593 0.00056252 
536 610 0.00061406 
537 1257 0.0015341 
538 579 0.00095286 
539 582 0.00070887 
540 574 0.0012512 
541 577 0.0014007 
542 580 0.00098218 
543 995 0.0012576 
544 575 0.0018354 
545 572 0.0026039 
546 573 0.002423 
547 571 0.0030888 
548 568 0.0033618 
549 570 0.0036391 
550 564 0.007065 
551 566 0.0088059 
552 565 0.010939 
553 562 0.012595 
554 563 0.010635 
555 1004 0.007904 
556 772 0.0037019 
557 1258 0.0062659 
