
Gurobi Optimizer version 7.5.1 build v7.5.1rc0 (linux64)
Copyright (c) 2017, Gurobi Optimization, Inc.

Read LP format model from file all.lp
Reading time = 1.99 seconds
obj: 1223 rows, 745531 columns, 1491062 nonzeros
Optimize a model with 1223 rows, 745531 columns and 1491062 nonzeros
Variable types: 0 continuous, 745531 integer (745531 binary)
Coefficient statistics:
  Matrix range     [1e+00, 1e+00]
  Objective range  [1e-05, 1e-01]
  Bounds range     [1e+00, 1e+00]
  RHS range        [2e+00, 2e+00]
Found heuristic solution: objective 44.9689
Presolve time: 2.88s
Presolved: 1223 rows, 745531 columns, 1491062 nonzeros
Variable types: 0 continuous, 745531 integer (745531 binary)

Starting sifting (using dual simplex for sub-problems)...

    Iter     Pivots    Primal Obj      Dual Obj        Time
       0          0     infinity     -1.5615091e+02      4s
       1       1223   2.1746800e+11  -1.4502797e+02      4s
       2       3099   1.9680000e+11  -9.5445342e+01      4s
       3       4892   1.8571600e+11  -8.8645579e+01      4s
       4       6665   1.7157800e+11  -8.3497937e+01      4s
       5       8426   1.5597400e+11  -8.0294596e+01      4s
       6      10187   1.3885600e+11  -7.8651955e+01      4s
       7      11948   1.2199000e+11  -7.9093723e+01      4s
       8      13707   1.0406400e+11  -8.1228676e+01      4s
       9      15463   8.6250000e+10  -8.5362703e+01      4s
      10      17214   6.8068000e+10  -9.0779440e+01      4s
      11      18966   5.0730000e+10  -9.4670048e+01      4s
      12      20717   3.8236000e+10  -9.9303972e+01      5s
      13      22474   2.5292000e+10  -1.0407272e+02      5s
      14      24244   7.8100000e+09  -9.5769649e+01      5s
      15      27039  -3.5463405e+01  -9.2566378e+01      5s
      16      29482  -4.0464922e+01  -8.6059858e+01      5s
      17      31655  -4.1766977e+01  -7.6480282e+01      6s
      18      33816  -4.2455047e+01  -6.9854832e+01      6s
      19      36000  -4.5204901e+01  -6.4199162e+01      6s
      20      37933  -4.8671604e+01  -5.8091696e+01      6s
      21      39656  -4.9553124e+01  -5.3816859e+01      6s
      22      41157  -4.9634150e+01  -5.0457001e+01      6s

Sifting complete


Root simplex log...

Iteration    Objective       Primal Inf.    Dual Inf.      Time
   42510    5.0602765e+01   0.000000e+00   0.000000e+00      7s

Root relaxation: objective 5.060276e+01, 42510 iterations, 3.16 seconds

    Nodes    |    Current Node    |     Objective Bounds      |     Work
 Expl Unexpl |  Obj  Depth IntInf | Incumbent    BestBd   Gap | It/Node Time

     0     0   50.60276    0   14   44.96893   50.60276  12.5%     -    7s
H    0     0                      50.5141749   50.60276  0.18%     -    8s
H    0     0                      50.5812951   50.60276  0.04%     -   10s
H    0     0                      50.5982380   50.60276  0.01%     -   13s

Explored 1 nodes (42510 simplex iterations) in 13.20 seconds
Thread count was 16 (of 16 available processors)

Solution count 4: 50.5982 50.5813 50.5142 44.9689 

Optimal solution found (tolerance 1.00e-04)
Best objective 5.059823800000e+01, best bound 5.060276500000e+01, gap 0.0089%

Wrote result file 'all.sol'

% Gurobi computed a set of 1222 edges and weight 50.598237999999995
6 8 0.04748 
6 9 0.041008 
7 9 0.058722 
7 11 0.023304 
8 10 0.053781 
10 12 0.041214 
11 13 0.040355 
12 14 0.041891 
13 15 0.043855 
14 16 0.04137 
15 17 0.043 
16 18 0.045734 
17 19 0.04562 
18 20 0.039388 
19 21 0.044606 
20 22 0.046373 
21 23 0.04182 
22 24 0.035167 
23 25 0.042717 
24 26 0.036082 
25 27 0.046938 
26 28 0.052202 
27 29 0.054773 
28 30 0.052421 
29 31 0.043571 
30 32 0.0501 
31 33 0.048612 
32 34 0.046099 
33 35 0.035243 
34 36 0.039555 
35 37 0.040853 
36 38 0.045499 
37 39 0.049629 
38 40 0.046219 
39 41 0.035506 
40 42 0.046445 
41 43 0.048364 
42 44 0.036718 
43 45 0.045364 
44 46 0.04052 
45 47 0.040578 
46 48 0.038492 
47 49 0.039609 
48 50 0.051144 
49 51 0.043548 
50 52 0.040615 
51 53 0.045677 
52 54 0.036417 
53 55 0.032257 
54 56 0.053846 
55 57 0.042486 
56 58 0.036694 
57 59 0.045639 
58 60 0.045785 
59 61 0.038362 
60 62 0.040457 
61 63 0.041452 
62 64 0.043875 
63 65 0.048814 
64 66 0.038442 
65 67 0.035366 
66 68 0.041907 
67 69 0.041126 
68 70 0.047319 
69 71 0.045822 
70 72 0.041593 
71 73 0.048011 
72 74 0.050867 
73 75 0.03354 
74 76 0.033582 
75 77 0.040051 
76 78 0.041409 
77 79 0.040371 
78 80 0.040451 
79 81 0.045261 
80 82 0.045571 
81 83 0.043518 
82 84 0.041631 
83 85 0.043753 
84 86 0.045613 
85 87 0.038492 
86 88 0.049536 
87 89 0.043239 
88 90 0.029569 
89 91 0.046585 
90 92 0.048118 
91 93 0.043149 
92 94 0.040997 
93 95 0.03551 
94 96 0.043031 
95 97 0.041995 
96 98 0.033945 
97 99 0.043237 
98 100 0.042133 
99 101 0.034169 
100 102 0.031773 
101 103 0.035538 
102 104 0.048068 
103 105 0.043284 
104 106 0.043691 
105 107 0.042164 
106 108 0.033757 
107 109 0.039875 
108 110 0.037623 
109 111 0.038323 
110 112 0.043784 
111 113 0.038128 
112 114 0.043971 
113 115 0.038057 
114 116 0.041613 
115 117 0.04187 
116 118 0.04319 
117 119 0.043488 
118 120 0.040478 
119 121 0.038348 
120 122 0.033292 
121 123 0.042014 
122 124 0.047406 
123 125 0.041586 
124 126 0.032523 
125 127 0.04575 
126 128 0.038612 
127 129 0.040663 
128 130 0.041415 
129 131 0.044406 
130 132 0.0391 
131 133 0.040766 
132 134 0.038171 
133 135 0.04442 
134 136 0.044851 
135 137 0.051481 
136 138 0.038076 
137 139 0.042008 
138 140 0.042073 
139 141 0.041288 
140 142 0.034746 
141 143 0.041481 
142 144 0.050441 
143 145 0.044883 
144 146 0.041732 
145 147 0.040085 
146 148 0.040542 
147 149 0.034823 
148 150 0.030614 
149 151 0.048161 
150 152 0.042858 
151 153 0.040715 
152 154 0.044257 
153 155 0.04468 
154 156 0.045581 
155 157 0.044466 
156 158 0.036406 
157 159 0.035814 
158 160 0.040845 
159 161 0.042063 
160 162 0.036644 
161 163 0.035149 
162 164 0.04469 
163 165 0.044798 
164 166 0.039862 
165 167 0.035758 
166 168 0.043121 
167 169 0.038998 
168 170 0.04538 
169 171 0.040177 
170 172 0.034029 
171 173 0.036538 
172 174 0.040085 
173 175 0.038006 
174 176 0.040109 
175 177 0.044169 
176 178 0.04342 
177 179 0.043673 
178 180 0.042167 
179 181 0.049727 
180 182 0.053278 
181 183 0.033302 
182 184 0.035057 
183 185 0.032541 
184 186 0.041613 
185 187 0.037078 
186 188 0.037343 
187 189 0.039201 
188 190 0.037691 
189 191 0.036361 
190 192 0.036391 
191 193 0.028152 
192 194 0.036085 
193 195 0.042176 
194 196 0.037207 
195 197 0.040114 
196 198 0.031255 
197 199 0.039516 
198 200 0.042339 
199 201 0.046676 
200 202 0.035294 
201 203 0.03827 
202 204 0.0397 
203 205 0.040317 
204 206 0.043612 
205 207 0.043898 
206 208 0.043856 
207 209 0.039418 
208 210 0.038066 
209 211 0.031417 
210 212 0.036776 
211 213 0.0452 
212 214 0.041718 
213 215 0.036797 
214 216 0.042153 
215 217 0.047621 
216 218 0.037159 
217 219 0.042778 
218 220 0.050486 
219 221 0.037857 
220 222 0.041219 
221 223 0.038789 
222 224 0.037369 
223 225 0.03888 
224 226 0.036433 
225 227 0.033835 
226 228 0.040435 
227 229 0.041262 
228 230 0.038325 
229 231 0.034826 
230 232 0.03618 
231 233 0.033905 
232 234 0.041951 
233 235 0.035707 
234 236 0.040368 
235 237 0.039432 
236 238 0.040859 
237 239 0.041313 
238 240 0.038366 
239 241 0.036384 
240 242 0.039589 
241 243 0.039637 
242 244 0.04214 
243 245 0.032954 
244 246 0.028021 
245 247 0.042788 
246 248 0.044467 
247 249 0.041582 
248 250 0.042888 
249 251 0.038426 
250 252 0.031368 
251 253 0.035493 
252 254 0.04302 
253 255 0.035427 
254 256 0.035386 
255 257 0.041082 
256 258 0.036481 
257 259 0.034303 
258 260 0.03679 
259 261 0.037841 
260 262 0.039593 
261 263 0.036746 
262 264 0.036585 
263 265 0.041129 
264 266 0.04708 
265 267 0.037384 
266 268 0.035887 
267 269 0.033216 
268 270 0.042017 
269 271 0.037846 
270 272 0.035144 
271 273 0.041144 
272 274 0.047422 
273 275 0.037261 
274 276 0.042821 
275 277 0.04218 
276 278 0.044302 
277 279 0.044762 
278 280 0.038773 
279 281 0.035234 
280 282 0.036196 
281 283 0.04514 
282 284 0.041754 
283 285 0.04009 
284 286 0.039104 
285 287 0.037212 
286 288 0.03095 
287 289 0.040298 
288 290 0.035011 
289 291 0.042688 
290 292 0.036044 
291 293 0.035987 
292 294 0.028985 
293 295 0.022641 
294 296 0.025172 
295 297 0.028141 
296 298 0.031659 
297 299 0.037819 
298 300 0.03229 
299 301 0.031337 
300 302 0.038205 
301 303 0.03317 
302 304 0.036052 
303 305 0.045796 
304 306 0.030828 
305 307 0.044907 
306 308 0.037318 
307 309 0.039087 
308 310 0.032723 
309 311 0.034258 
310 312 0.042774 
311 313 0.03829 
312 314 0.043342 
313 315 0.033961 
314 316 0.033743 
315 317 0.040112 
316 318 0.037123 
317 319 0.035791 
318 320 0.041794 
319 321 0.041664 
320 322 0.040194 
321 323 0.036477 
322 324 0.037372 
323 325 0.033706 
324 326 0.040153 
325 327 0.034038 
326 328 0.040893 
327 329 0.042191 
328 330 0.035897 
329 331 0.029086 
330 332 0.037692 
331 333 0.025747 
332 334 0.030267 
333 335 0.047536 
334 336 0.036162 
335 337 0.025891 
336 338 0.032225 
337 339 0.042593 
338 340 0.039274 
339 341 0.039787 
340 342 0.036849 
341 343 0.033155 
342 344 0.037797 
343 345 0.03646 
344 346 0.040687 
345 347 0.041639 
346 348 0.039346 
347 349 0.044194 
348 350 0.042862 
349 351 0.039554 
350 352 0.036791 
351 353 0.046145 
352 354 0.046903 
353 355 0.044308 
354 356 0.042702 
355 357 0.044069 
356 358 0.030664 
357 359 0.04994 
358 360 0.031301 
359 361 0.040797 
360 362 0.039736 
361 363 0.041512 
362 364 0.043714 
363 365 0.046708 
364 366 0.033793 
365 367 0.038767 
366 368 0.044226 
367 369 0.036849 
368 370 0.050916 
369 373 0.033542 
370 372 0.047914 
371 373 0.051412 
371 374 0.039187 
372 374 0.063507 
380 382 0.079943 
380 383 0.065112 
381 383 0.065673 
381 384 0.056778 
382 384 0.069315 
385 387 0.055557 
385 388 0.046338 
386 388 0.061138 
386 390 0.021323 
387 389 0.047115 
389 391 0.037396 
390 392 0.041279 
391 393 0.039672 
392 394 0.044739 
393 395 0.044471 
394 396 0.038391 
395 397 0.045518 
396 398 0.040392 
397 399 0.033282 
398 400 0.040217 
399 401 0.036771 
400 402 0.039899 
401 403 0.043624 
402 404 0.041025 
403 405 0.041243 
404 406 0.046925 
405 407 0.042807 
406 408 0.043013 
407 409 0.043225 
408 410 0.042378 
409 411 0.034299 
410 412 0.038206 
411 413 0.043368 
412 414 0.040286 
413 415 0.034866 
414 416 0.040122 
415 417 0.03565 
416 418 0.039005 
417 419 0.037517 
418 420 0.045572 
419 421 0.042842 
420 422 0.030107 
421 423 0.041489 
422 424 0.038055 
423 425 0.032125 
424 426 0.03499 
425 427 0.045776 
426 428 0.03552 
427 429 0.035076 
428 430 0.039847 
429 431 0.04233 
430 432 0.036528 
431 433 0.03711 
432 434 0.045943 
433 435 0.036486 
434 436 0.039303 
435 437 0.042848 
436 438 0.04177 
437 439 0.042686 
438 440 0.044947 
439 441 0.044676 
440 442 0.052193 
441 443 0.054158 
442 444 0.034643 
443 445 0.057076 
444 446 0.03454 
445 447 0.037489 
446 448 0.037641 
447 449 0.04253 
448 450 0.036202 
449 451 0.041162 
450 452 0.037065 
451 453 0.047773 
452 454 0.038713 
453 455 0.035732 
454 456 0.042031 
455 457 0.03911 
456 458 0.036788 
457 459 0.04351 
458 460 0.044309 
459 461 0.042364 
460 462 0.04462 
461 463 0.041758 
462 464 0.039307 
463 465 0.043579 
464 466 0.043368 
465 467 0.043333 
466 468 0.036715 
467 469 0.038315 
468 470 0.048237 
469 471 0.045061 
470 472 0.035499 
471 473 0.03471 
472 474 0.037395 
473 475 0.054293 
474 476 0.050351 
475 477 0.041061 
476 478 0.036064 
477 479 0.040396 
478 480 0.043166 
479 481 0.039813 
480 482 0.035221 
481 483 0.043937 
482 484 0.054716 
483 485 0.041899 
484 486 0.045656 
485 487 0.043599 
486 488 0.042063 
487 489 0.034087 
488 490 0.041907 
489 491 0.042391 
490 492 0.046148 
491 493 0.028169 
492 494 0.039135 
493 495 0.043293 
494 496 0.038727 
495 497 0.039739 
496 498 0.038419 
497 499 0.034372 
498 500 0.040778 
499 501 0.045574 
500 502 0.043583 
501 503 0.036332 
502 504 0.040017 
503 505 0.040301 
504 506 0.042452 
505 507 0.041776 
506 508 0.0429 
507 509 0.041526 
508 510 0.039342 
509 511 0.032717 
510 512 0.041863 
511 513 0.038312 
512 514 0.038139 
513 515 0.038149 
514 516 0.036004 
515 517 0.035276 
516 518 0.033893 
517 519 0.038994 
518 520 0.042628 
519 521 0.03759 
520 522 0.036889 
521 523 0.032208 
522 524 0.035515 
523 525 0.04873 
524 526 0.045129 
525 527 0.043548 
526 528 0.043918 
527 529 0.054302 
528 530 0.067648 
529 531 0.044742 
530 532 0.03952 
531 533 0.037626 
532 534 0.032977 
533 535 0.036812 
534 536 0.053253 
535 537 0.044801 
536 538 0.042267 
537 539 0.050568 
538 540 0.040568 
539 541 0.043432 
540 542 0.043413 
541 543 0.045363 
542 544 0.036807 
543 545 0.031963 
544 546 0.045364 
545 547 0.040018 
546 548 0.036299 
547 549 0.035993 
548 550 0.036921 
549 551 0.037943 
550 552 0.040542 
551 553 0.054183 
552 556 0.041713 
553 555 0.062559 
554 556 0.10027 
554 557 0.06581 
555 557 0.11912 
562 564 0.040197 
562 565 0.045404 
563 565 0.0616 
563 566 0.046396 
564 566 0.04763 
567 569 0.039518 
567 570 0.03836 
568 570 0.044863 
568 572 0.029742 
569 571 0.0407 
571 573 0.037927 
572 574 0.03806 
573 575 0.032162 
574 576 0.038125 
575 577 0.042308 
576 578 0.041675 
577 579 0.04275 
578 580 0.046328 
579 581 0.045913 
580 582 0.044366 
581 583 0.037947 
582 584 0.056527 
583 585 0.043321 
584 586 0.040469 
585 587 0.048497 
586 588 0.041495 
587 589 0.041479 
588 590 0.042698 
589 591 0.041435 
590 592 0.03923 
591 593 0.043177 
592 594 0.037055 
593 595 0.041582 
594 596 0.038906 
595 597 0.046027 
596 598 0.042956 
597 599 0.037654 
598 600 0.040973 
599 601 0.048075 
600 602 0.035115 
601 603 0.037103 
602 604 0.042311 
603 605 0.048368 
604 606 0.034091 
605 607 0.03183 
606 608 0.047363 
607 609 0.043068 
608 610 0.036242 
609 611 0.038897 
610 612 0.043278 
611 613 0.041289 
612 614 0.041205 
613 615 0.039572 
614 616 0.04479 
615 617 0.042112 
616 618 0.044694 
617 619 0.037834 
618 620 0.030816 
619 621 0.041136 
620 622 0.033088 
621 623 0.036158 
622 624 0.039636 
623 625 0.038475 
624 626 0.033588 
625 627 0.038129 
626 628 0.038604 
627 629 0.041283 
628 630 0.035095 
629 631 0.032713 
630 632 0.040717 
631 633 0.039478 
632 634 0.043362 
633 635 0.044964 
634 636 0.046839 
635 637 0.045115 
636 638 0.044824 
637 639 0.045976 
638 640 0.036683 
639 641 0.03439 
640 642 0.031994 
641 643 0.038624 
642 644 0.039279 
643 645 0.030751 
644 646 0.032341 
645 647 0.036931 
646 648 0.041811 
647 649 0.037635 
648 650 0.044573 
649 651 0.05118 
650 652 0.049278 
651 653 0.0441 
652 654 0.04269 
653 655 0.034615 
654 656 0.038823 
655 657 0.039025 
656 658 0.038469 
657 659 0.048331 
658 660 0.04048 
659 661 0.046677 
660 662 0.042087 
661 663 0.040946 
662 664 0.037673 
663 665 0.036931 
664 666 0.040016 
665 667 0.036337 
666 668 0.032701 
667 669 0.036559 
668 670 0.048135 
669 671 0.030872 
670 672 0.038927 
671 673 0.037895 
672 674 0.043498 
673 675 0.037441 
674 676 0.036169 
675 677 0.035828 
676 678 0.039186 
677 679 0.038585 
678 680 0.040108 
679 681 0.045532 
680 682 0.040084 
681 683 0.0316 
682 684 0.03399 
683 685 0.03285 
684 686 0.044868 
685 687 0.028438 
686 688 0.042758 
687 689 0.04234 
688 690 0.044462 
689 691 0.049742 
690 692 0.060819 
691 693 0.046081 
692 694 0.03683 
693 695 0.037391 
694 696 0.040056 
695 697 0.037934 
696 698 0.041665 
697 699 0.034963 
698 700 0.039061 
699 701 0.035239 
700 702 0.041122 
701 703 0.040448 
702 704 0.036962 
703 705 0.038467 
704 706 0.04168 
705 707 0.035673 
706 708 0.031359 
707 709 0.045303 
708 710 0.039527 
709 711 0.042838 
710 712 0.04504 
711 713 0.041556 
712 716 0.026707 
713 715 0.047481 
714 716 0.055887 
714 717 0.043734 
715 717 0.051526 
724 726 0.089705 
724 727 0.046322 
725 727 0.057758 
725 729 0.031881 
726 728 0.059561 
728 730 0.056098 
729 731 0.053639 
730 732 0.058394 
731 733 0.034587 
732 734 0.035983 
733 735 0.041756 
734 736 0.052347 
735 737 0.03583 
736 738 0.039042 
737 739 0.044291 
738 740 0.046896 
739 741 0.052106 
740 742 0.039543 
741 743 0.036688 
742 744 0.042701 
743 745 0.044366 
744 746 0.047384 
745 747 0.042966 
746 748 0.031928 
747 749 0.038846 
748 750 0.044225 
749 751 0.040999 
750 752 0.036165 
751 753 0.035572 
752 754 0.03996 
753 755 0.039878 
754 756 0.030943 
755 757 0.02786 
756 758 0.043588 
757 759 0.048429 
758 760 0.046573 
759 761 0.033051 
760 762 0.03544 
761 763 0.041443 
762 764 0.039826 
763 765 0.040081 
764 766 0.048062 
765 767 0.046942 
766 770 0.02152 
767 769 0.040371 
768 770 0.04709 
768 771 0.055726 
769 771 0.066339 
772 774 0.06085 
772 775 0.048467 
773 775 0.062653 
773 777 0.026654 
774 776 0.047911 
776 778 0.045472 
777 779 0.038052 
778 780 0.046255 
779 781 0.037648 
780 782 0.037621 
781 783 0.044516 
782 784 0.048716 
783 785 0.03772 
784 786 0.036649 
785 787 0.045338 
786 788 0.037175 
787 789 0.031696 
788 790 0.039202 
789 791 0.044562 
790 792 0.043118 
791 793 0.039751 
792 794 0.036203 
793 795 0.0378 
794 796 0.034922 
795 797 0.041091 
796 798 0.046899 
797 799 0.039773 
798 800 0.031704 
799 801 0.040303 
800 802 0.03727 
801 803 0.039243 
802 804 0.037061 
803 805 0.03906 
804 806 0.03668 
805 807 0.038735 
806 808 0.036779 
807 809 0.038952 
808 810 0.036964 
809 811 0.035689 
810 812 0.041827 
811 813 0.038162 
812 814 0.033537 
813 815 0.031369 
814 816 0.044822 
815 817 0.036679 
816 818 0.039449 
817 819 0.039587 
818 820 0.038199 
819 821 0.038435 
820 822 0.045287 
821 823 0.03841 
822 824 0.038129 
823 825 0.03571 
824 826 0.04208 
825 827 0.03635 
826 828 0.037169 
827 829 0.040156 
828 830 0.039637 
829 831 0.031594 
830 832 0.034613 
831 833 0.045583 
832 834 0.02855 
833 835 0.028938 
834 836 0.044727 
835 837 0.032926 
836 838 0.03584 
837 839 0.04105 
838 840 0.038485 
839 841 0.031501 
840 842 0.040842 
841 843 0.042954 
842 844 0.035912 
843 845 0.040182 
844 846 0.042929 
845 847 0.038516 
846 848 0.034849 
847 849 0.035644 
848 850 0.036781 
849 851 0.036398 
850 852 0.043344 
851 853 0.030881 
852 854 0.043885 
853 855 0.041083 
854 856 0.043771 
855 857 0.036953 
856 858 0.035519 
857 859 0.038136 
858 860 0.03571 
859 861 0.044037 
860 862 0.031076 
861 863 0.042253 
862 864 0.03544 
863 865 0.041742 
864 866 0.039782 
865 867 0.043603 
866 868 0.037533 
867 869 0.036746 
868 870 0.037228 
869 871 0.03984 
870 872 0.037418 
871 873 0.037466 
872 874 0.042526 
873 875 0.041728 
874 876 0.037783 
875 877 0.038412 
876 878 0.039452 
877 879 0.040898 
878 880 0.039725 
879 881 0.042052 
880 882 0.040562 
881 883 0.040845 
882 884 0.037455 
883 885 0.039635 
884 886 0.038325 
885 887 0.034704 
886 888 0.040879 
887 889 0.043877 
888 890 0.047983 
889 891 0.034749 
890 892 0.037842 
891 893 0.048572 
892 894 0.049766 
893 895 0.041407 
894 896 0.038572 
895 897 0.045171 
896 898 0.044266 
897 899 0.04165 
898 900 0.031277 
899 901 0.03844 
900 902 0.037347 
901 903 0.03662 
902 904 0.039163 
903 905 0.042004 
904 906 0.046742 
905 907 0.039039 
906 908 0.035682 
907 909 0.044851 
908 910 0.030687 
909 911 0.042673 
910 912 0.036865 
911 913 0.04023 
912 914 0.043962 
913 915 0.057547 
914 916 0.037183 
915 917 0.047191 
916 918 0.044704 
917 919 0.045562 
918 920 0.045065 
919 921 0.040716 
920 922 0.038086 
921 923 0.04157 
922 924 0.046843 
923 925 0.038828 
924 926 0.039148 
925 927 0.041843 
926 928 0.043886 
927 929 0.03978 
928 930 0.043444 
929 931 0.041564 
930 932 0.051189 
931 933 0.045527 
932 934 0.044814 
933 935 0.048196 
934 936 0.042761 
935 937 0.045853 
936 938 0.044204 
937 939 0.042018 
938 940 0.044249 
939 941 0.03623 
940 942 0.033078 
941 943 0.044091 
942 944 0.041598 
943 945 0.043139 
944 946 0.032403 
945 947 0.03668 
946 948 0.04789 
947 949 0.046061 
948 950 0.042575 
949 951 0.041519 
950 952 0.045285 
951 953 0.047571 
952 954 0.04226 
953 955 0.032376 
954 956 0.037627 
955 957 0.041846 
956 958 0.043241 
957 959 0.037306 
958 960 0.037087 
959 961 0.042243 
960 962 0.047161 
961 963 0.03148 
962 964 0.033743 
963 965 0.052245 
964 966 0.042837 
965 967 0.053689 
966 968 0.037586 
967 969 0.047853 
968 970 0.041638 
969 971 0.045938 
970 972 0.048646 
971 973 0.042074 
972 974 0.042882 
973 975 0.034345 
974 976 0.046065 
975 977 0.044237 
976 978 0.04917 
977 979 0.053111 
978 980 0.045889 
979 981 0.043534 
980 982 0.049836 
981 983 0.045293 
982 984 0.04647 
983 985 0.049182 
984 986 0.047746 
985 987 0.04499 
986 988 0.046227 
987 989 0.045985 
988 990 0.055427 
989 991 0.056719 
990 992 0.052136 
991 993 0.060873 
992 994 0.052407 
993 995 0.048375 
994 996 0.049015 
995 997 0.0395 
996 998 0.041072 
997 999 0.046907 
998 1000 0.036571 
999 1001 0.042556 
1000 1002 0.040206 
1001 1003 0.038983 
1002 1004 0.037576 
1003 1007 0.030397 
1004 1006 0.058612 
1005 1007 0.058422 
1005 1008 0.055274 
1006 1008 0.071458 
1016 1018 0.10004 
1016 1019 0.059324 
1017 1019 0.079412 
1017 1021 0.044417 
1018 1020 0.066006 
1020 1022 0.043746 
1021 1023 0.044944 
1022 1024 0.049661 
1023 1025 0.042457 
1024 1026 0.04235 
1025 1027 0.035879 
1026 1028 0.039654 
1027 1029 0.047129 
1028 1030 0.045421 
1029 1031 0.040831 
1030 1032 0.039674 
1031 1033 0.043558 
1032 1034 0.043787 
1033 1035 0.037568 
1034 1036 0.033469 
1035 1037 0.038604 
1036 1038 0.041134 
1037 1039 0.045675 
1038 1040 0.039738 
1039 1041 0.035902 
1040 1042 0.035258 
1041 1043 0.038873 
1042 1044 0.043376 
1043 1045 0.048405 
1044 1046 0.043336 
1045 1047 0.036899 
1046 1048 0.038085 
1047 1049 0.027893 
1048 1050 0.037897 
1049 1051 0.046441 
1050 1052 0.04194 
1051 1053 0.045601 
1052 1054 0.033509 
1053 1055 0.039263 
1054 1056 0.044562 
1055 1057 0.044928 
1056 1058 0.048672 
1057 1059 0.040876 
1058 1060 0.03319 
1059 1061 0.038863 
1060 1062 0.040703 
1061 1063 0.033448 
1062 1064 0.036702 
1063 1065 0.039431 
1064 1066 0.043623 
1065 1067 0.037919 
1066 1068 0.028537 
1067 1069 0.036096 
1068 1070 0.038123 
1069 1071 0.035974 
1070 1072 0.03611 
1071 1073 0.044456 
1072 1074 0.040236 
1073 1075 0.039491 
1074 1076 0.03628 
1075 1077 0.038617 
1076 1078 0.051111 
1077 1079 0.04159 
1078 1080 0.039682 
1079 1081 0.045629 
1080 1082 0.032503 
1081 1083 0.03239 
1082 1084 0.034694 
1083 1085 0.04729 
1084 1086 0.034408 
1085 1087 0.037534 
1086 1088 0.047953 
1087 1089 0.035996 
1088 1090 0.044867 
1089 1091 0.034156 
1090 1092 0.038147 
1091 1093 0.044233 
1092 1094 0.036052 
1093 1095 0.033173 
1094 1096 0.036594 
1095 1097 0.039972 
1096 1098 0.03866 
1097 1099 0.03704 
1098 1100 0.045104 
1099 1101 0.040891 
1100 1102 0.038422 
1101 1103 0.041307 
1102 1104 0.046111 
1103 1105 0.033137 
1104 1106 0.034901 
1105 1107 0.044379 
1106 1108 0.029566 
1107 1109 0.036352 
1108 1110 0.040327 
1109 1111 0.031869 
1110 1112 0.039688 
1111 1113 0.038911 
1112 1114 0.054266 
1113 1116 0.032092 
1114 1117 0.042997 
1115 1117 0.061909 
1115 1118 0.059097 
1116 1118 0.058627 
1127 1129 0.076403 
1127 1130 0.066364 
1128 1130 0.065516 
1128 1132 0.032034 
1129 1131 0.051062 
1131 1133 0.055662 
1132 1134 0.04449 
1133 1135 0.036499 
1134 1136 0.038172 
1135 1137 0.044992 
1136 1138 0.048419 
1137 1139 0.039034 
1138 1140 0.039519 
1139 1141 0.048525 
1140 1142 0.043446 
1141 1143 0.03766 
1142 1144 0.036878 
1143 1145 0.031655 
1144 1146 0.037925 
1145 1147 0.045946 
1146 1148 0.042058 
1147 1149 0.038891 
1148 1150 0.036278 
1149 1151 0.043623 
1150 1152 0.031142 
1151 1153 0.031179 
1152 1154 0.032155 
1153 1155 0.037253 
1154 1156 0.043697 
1155 1157 0.046492 
1156 1158 0.042091 
1157 1159 0.045917 
1158 1160 0.048689 
1159 1161 0.046706 
1160 1162 0.037105 
1161 1163 0.036222 
1162 1164 0.034601 
1163 1165 0.041328 
1164 1166 0.036092 
1165 1167 0.033163 
1166 1168 0.031793 
1167 1169 0.042364 
1168 1170 0.037245 
1169 1171 0.034438 
1170 1172 0.037406 
1171 1173 0.036287 
1172 1174 0.032892 
1173 1175 0.044126 
1174 1176 0.037683 
1175 1177 0.042574 
1176 1178 0.040149 
1177 1179 0.039074 
1178 1180 0.035818 
1179 1181 0.041389 
1180 1182 0.034057 
1181 1183 0.029445 
1182 1184 0.03232 
1183 1185 0.041072 
1184 1186 0.040495 
1185 1187 0.035081 
1186 1188 0.034558 
1187 1189 0.044019 
1188 1190 0.04402 
1189 1191 0.038578 
1190 1192 0.038694 
1191 1193 0.041511 
1192 1194 0.040398 
1193 1195 0.038672 
1194 1196 0.041011 
1195 1197 0.037725 
1196 1198 0.036631 
1197 1199 0.032841 
1198 1200 0.035926 
1199 1201 0.039146 
1200 1202 0.035715 
1201 1203 0.043901 
1202 1204 0.05198 
1203 1205 0.042707 
1204 1206 0.035934 
1205 1207 0.051352 
1206 1208 0.040982 
1207 1209 0.043776 
1208 1210 0.045163 
1209 1211 0.037415 
1210 1212 0.036678 
1211 1213 0.036373 
1212 1214 0.037459 
1213 1215 0.03635 
1214 1216 0.036592 
1215 1217 0.037432 
1216 1218 0.036556 
1217 1219 0.033565 
1218 1220 0.035909 
1219 1221 0.043002 
1220 1222 0.039619 
1221 1223 0.036556 
1222 1224 0.044761 
1223 1225 0.036385 
1224 1226 0.041105 
1225 1227 0.051318 
1226 1228 0.04767 
1227 1229 0.045266 
1228 1230 0.040437 
1229 1231 0.0365 
1230 1232 0.039939 
1231 1233 0.047657 
1232 1234 0.047226 
1233 1235 0.038791 
1234 1236 0.040605 
1235 1237 0.048121 
1236 1238 0.035184 
1237 1239 0.041402 
1238 1240 0.041138 
1239 1241 0.048182 
1240 1242 0.045151 
1241 1243 0.048158 
1242 1244 0.043334 
1243 1245 0.039558 
1244 1246 0.036948 
1245 1247 0.043189 
1246 1248 0.050754 
1247 1249 0.05164 
1248 1250 0.049364 
1249 1251 0.045977 
1250 1252 0.048161 
1251 1253 0.051862 
1252 1254 0.055316 
1253 1255 0.068252 
1254 1256 0.099962 
1255 1258 0.047679 
1256 1258 0.067153 
