
Gurobi Optimizer version 7.5.1 build v7.5.1rc0 (linux64)
Copyright (c) 2017, Gurobi Optimization, Inc.

Read LP format model from file all.lp
Reading time = 2.14 seconds
obj: 1223 rows, 745531 columns, 1491062 nonzeros
Optimize a model with 1223 rows, 745531 columns and 1491062 nonzeros
Variable types: 0 continuous, 745531 integer (745531 binary)
Coefficient statistics:
  Matrix range     [1e+00, 1e+00]
  Objective range  [1e-05, 1e-01]
  Bounds range     [1e+00, 1e+00]
  RHS range        [4e+00, 4e+00]
Found heuristic solution: objective 81.1061
Presolve time: 2.86s
Presolved: 1223 rows, 745531 columns, 1491062 nonzeros
Variable types: 0 continuous, 745531 integer (745531 binary)

Starting sifting (using dual simplex for sub-problems)...

    Iter     Pivots    Primal Obj      Dual Obj        Time
       0          0     infinity     -2.1998269e+02      4s
       1       1223   2.1648400e+11  -2.0893527e+02      4s
       2       3099   1.9581600e+11  -1.5958830e+02      4s
       3       4892   1.8473200e+11  -1.5283774e+02      4s
       4       6665   1.7059400e+11  -1.4773932e+02      4s
       5       8426   1.5499000e+11  -1.4458518e+02      4s
       6      10187   1.3787200e+11  -1.4299174e+02      4s
       7      11948   1.2100600e+11  -1.4348273e+02      4s
       8      13707   1.0308000e+11  -1.4566688e+02      4s
       9      15463   8.5266000e+10  -1.4985012e+02      4s
      10      17214   6.7084000e+10  -1.5531606e+02      4s
      11      18966   4.9746000e+10  -1.5925587e+02      4s
      12      20717   3.7252000e+10  -1.6393900e+02      5s
      13      22474   2.4308000e+10  -1.6881460e+02      5s
      14      24244   6.8260000e+09  -1.6140553e+02      5s
      15      27472  -6.1875871e+01  -1.5752443e+02      5s
      16      30121  -6.7462693e+01  -1.4860933e+02      5s
      17      32617  -6.9047177e+01  -1.4196635e+02      5s
      18      35078  -7.0555580e+01  -1.3506929e+02      6s
      19      37771  -7.7604059e+01  -1.2676394e+02      6s
      20      40450  -8.2715746e+01  -1.1501167e+02      6s
      21      42931  -8.5659154e+01  -1.0572623e+02      6s
      22      45334  -8.6142520e+01  -9.3065352e+01      6s
      23      47292  -8.6410344e+01  -8.7730597e+01      7s

Sifting complete


Root simplex log...

Iteration    Objective       Primal Inf.    Dual Inf.      Time
   48800    8.8015947e+01   0.000000e+00   0.000000e+00      7s

Root relaxation: objective 8.801595e+01, 48800 iterations, 3.60 seconds

    Nodes    |    Current Node    |     Objective Bounds      |     Work
 Expl Unexpl |  Obj  Depth IntInf | Incumbent    BestBd   Gap | It/Node Time

     0     0   88.01595    0   15   81.10611   88.01595  8.52%     -    7s
H    0     0                      87.9828554   88.01595  0.04%     -    9s
H    0     0                      87.9981032   88.01595  0.02%     -   10s
H    0     0                      88.0021895   88.01595  0.02%     -   11s
H    0     0                      88.0056091   88.01595  0.01%     -   13s
     0     0   88.01395    0   13   88.00561   88.01395  0.01%     -   15s

Cutting planes:
  MIR: 1
  Zero half: 3

Explored 1 nodes (48807 simplex iterations) in 15.31 seconds
Thread count was 16 (of 16 available processors)

Solution count 5: 88.0056 88.0022 87.9981 ... 81.1061

Optimal solution found (tolerance 1.00e-04)
Best objective 8.800560911000e+01, best bound 8.801394600000e+01, gap 0.0095%

Wrote result file 'all.sol'

% Gurobi computed a set of 2446 edges and weight 88.00560910999994
6 8 0.04748 
6 9 0.041008 
6 10 0.033838 
6 11 0.021042 
7 9 0.058722 
7 10 0.042934 
7 11 0.023304 
7 14 0.018808 
8 10 0.053781 
8 12 0.02275 
8 562 0.012994 
9 11 0.032022 
9 13 0.030003 
10 12 0.041214 
11 13 0.040355 
12 14 0.041891 
12 15 0.033075 
13 15 0.043855 
13 16 0.032512 
14 16 0.04137 
14 17 0.031512 
15 17 0.043 
15 18 0.03242 
16 18 0.045734 
16 19 0.033809 
17 19 0.04562 
17 20 0.030455 
18 20 0.039388 
18 21 0.032859 
19 21 0.044606 
19 22 0.036578 
20 22 0.046373 
20 23 0.033274 
21 23 0.04182 
21 24 0.026495 
22 24 0.035167 
22 25 0.031216 
23 25 0.042717 
23 26 0.030891 
24 26 0.036082 
24 27 0.028878 
25 27 0.046938 
25 28 0.036309 
26 28 0.052202 
26 29 0.03497 
27 29 0.054773 
27 30 0.035623 
28 30 0.052421 
28 31 0.031636 
29 31 0.043571 
29 32 0.035754 
30 32 0.0501 
30 33 0.047497 
31 33 0.048612 
31 34 0.034888 
32 34 0.046099 
32 35 0.026013 
33 35 0.035243 
33 36 0.030417 
34 36 0.039555 
34 37 0.034596 
35 37 0.040853 
35 38 0.030425 
36 38 0.045499 
36 39 0.03298 
37 39 0.049629 
37 40 0.039525 
38 40 0.046219 
38 41 0.030226 
39 41 0.035506 
39 42 0.027426 
40 42 0.046445 
40 43 0.036981 
41 43 0.048364 
41 44 0.029191 
42 44 0.036718 
42 45 0.03407 
43 45 0.045364 
43 46 0.035609 
44 46 0.04052 
44 47 0.028342 
45 47 0.040578 
45 48 0.02965 
46 48 0.038492 
46 49 0.028777 
47 49 0.039609 
47 50 0.038807 
48 50 0.051144 
48 51 0.035819 
49 51 0.043548 
49 52 0.029439 
50 52 0.040615 
50 53 0.031063 
51 53 0.045677 
51 54 0.039107 
52 54 0.036417 
52 55 0.02415 
53 55 0.032257 
53 56 0.027505 
54 56 0.053846 
54 57 0.043675 
55 57 0.042486 
55 58 0.029793 
56 58 0.036694 
56 59 0.030201 
57 59 0.045639 
57 60 0.041921 
58 60 0.045785 
58 61 0.031508 
59 61 0.038362 
59 62 0.028629 
60 62 0.040457 
60 63 0.030144 
61 63 0.041452 
61 64 0.028776 
62 64 0.043875 
62 65 0.031824 
63 65 0.048814 
63 66 0.033617 
64 66 0.038442 
64 67 0.027909 
65 67 0.035366 
65 68 0.031833 
66 68 0.041907 
66 69 0.030384 
67 69 0.041126 
67 70 0.032705 
68 70 0.047319 
68 71 0.038298 
69 71 0.045822 
69 72 0.031459 
70 72 0.041593 
70 73 0.033015 
71 73 0.048011 
71 74 0.038848 
72 74 0.050867 
72 75 0.026188 
73 75 0.03354 
73 76 0.023862 
74 76 0.033582 
74 77 0.030945 
75 77 0.040051 
75 78 0.033023 
76 78 0.041409 
76 79 0.029699 
77 79 0.040371 
77 80 0.028207 
78 80 0.040451 
78 81 0.034269 
79 81 0.045261 
79 82 0.035818 
80 82 0.045571 
80 83 0.029214 
81 83 0.043518 
81 84 0.03319 
82 84 0.041631 
82 85 0.031099 
83 85 0.043753 
83 86 0.035971 
84 86 0.045613 
84 87 0.032805 
85 87 0.038492 
85 88 0.026544 
86 88 0.049536 
86 89 0.034153 
87 89 0.043239 
87 90 0.031431 
88 90 0.029569 
88 91 0.02474 
89 91 0.046585 
89 92 0.039341 
90 92 0.048118 
90 93 0.036193 
91 93 0.043149 
91 94 0.027887 
92 94 0.040997 
92 95 0.027051 
93 95 0.03551 
93 96 0.028914 
94 96 0.043031 
94 97 0.035668 
95 97 0.041995 
95 98 0.030196 
96 98 0.033945 
96 99 0.028569 
97 99 0.043237 
97 100 0.032592 
98 100 0.042133 
98 101 0.029663 
99 101 0.034169 
99 102 0.026086 
100 102 0.031773 
100 103 0.024999 
101 103 0.035538 
101 104 0.028355 
102 104 0.048068 
102 105 0.03557 
103 105 0.043284 
103 106 0.032727 
104 106 0.043691 
104 107 0.03165 
105 107 0.042164 
105 108 0.025136 
106 108 0.033757 
106 109 0.026996 
107 109 0.039875 
107 110 0.029256 
108 110 0.037623 
108 111 0.027288 
109 111 0.038323 
109 112 0.035336 
110 112 0.043784 
110 113 0.032665 
111 113 0.038128 
111 114 0.029544 
112 114 0.043971 
112 115 0.026865 
113 115 0.038057 
113 116 0.028323 
114 116 0.041613 
114 117 0.034685 
115 117 0.04187 
115 118 0.028945 
116 118 0.04319 
116 119 0.032092 
117 119 0.043488 
117 120 0.032433 
118 120 0.040478 
118 121 0.029396 
119 121 0.038348 
119 122 0.025893 
120 122 0.033292 
120 123 0.027604 
121 123 0.042014 
121 124 0.033215 
122 124 0.047406 
122 125 0.033788 
123 125 0.041586 
123 126 0.025839 
124 126 0.032523 
124 127 0.025341 
125 127 0.04575 
125 128 0.032327 
126 128 0.038612 
126 129 0.030826 
127 129 0.040663 
127 130 0.02758 
128 130 0.041415 
128 131 0.032719 
129 131 0.044406 
129 132 0.032585 
130 132 0.0391 
130 133 0.02849 
131 133 0.040766 
131 134 0.025674 
132 134 0.038171 
132 135 0.027904 
133 135 0.04442 
133 136 0.033258 
134 136 0.044851 
134 137 0.037987 
135 137 0.051481 
135 138 0.040492 
136 138 0.038076 
136 139 0.028071 
137 139 0.042008 
137 140 0.028839 
138 140 0.042073 
138 141 0.034445 
139 141 0.041288 
139 142 0.029764 
140 142 0.034746 
140 143 0.030175 
141 143 0.041481 
141 144 0.030268 
142 144 0.050441 
142 145 0.037863 
143 145 0.044883 
143 146 0.035151 
144 146 0.041732 
144 147 0.032056 
145 147 0.040085 
145 148 0.024526 
146 148 0.040542 
146 149 0.028588 
147 149 0.034823 
147 150 0.023619 
148 150 0.030614 
148 151 0.023864 
149 151 0.048161 
149 152 0.034943 
150 152 0.042858 
150 153 0.032388 
151 153 0.040715 
151 154 0.02839 
152 154 0.044257 
152 155 0.03142 
153 155 0.04468 
153 156 0.042924 
154 156 0.045581 
154 157 0.028874 
155 157 0.044466 
155 158 0.025519 
156 158 0.036406 
156 159 0.030481 
157 159 0.035814 
157 160 0.028954 
158 160 0.040845 
158 161 0.032674 
159 161 0.042063 
159 162 0.035951 
160 162 0.036644 
160 163 0.024612 
161 163 0.035149 
161 164 0.026267 
162 164 0.04469 
162 165 0.034738 
163 165 0.044798 
163 166 0.031406 
164 166 0.039862 
164 167 0.02703 
165 167 0.035758 
165 168 0.028594 
166 168 0.043121 
166 169 0.037649 
167 169 0.038998 
167 170 0.03158 
168 170 0.04538 
168 171 0.02907 
169 171 0.040177 
169 172 0.024521 
170 172 0.034029 
170 173 0.029128 
171 173 0.036538 
171 174 0.031635 
172 174 0.040085 
172 175 0.027153 
173 175 0.038006 
173 176 0.028884 
174 176 0.040109 
174 177 0.033617 
175 177 0.044169 
175 178 0.031871 
176 178 0.04342 
176 179 0.030854 
177 179 0.043673 
177 180 0.033674 
178 180 0.042167 
178 181 0.031565 
179 181 0.049727 
179 182 0.03434 
180 182 0.053278 
180 183 0.027463 
181 183 0.033302 
181 184 0.028476 
182 184 0.035057 
182 185 0.027898 
183 185 0.032541 
183 186 0.025323 
184 186 0.041613 
184 187 0.032983 
185 187 0.037078 
185 188 0.026864 
186 188 0.037343 
186 189 0.028387 
187 189 0.039201 
187 190 0.028391 
188 190 0.037691 
188 191 0.030117 
189 191 0.036361 
189 192 0.032274 
190 192 0.036391 
190 193 0.019513 
191 193 0.028152 
191 194 0.020472 
192 194 0.036085 
192 195 0.026795 
193 195 0.042176 
193 196 0.026677 
194 196 0.037207 
194 197 0.039039 
195 197 0.040114 
195 198 0.030125 
196 198 0.031255 
196 199 0.021583 
197 199 0.039516 
197 200 0.027766 
198 200 0.042339 
198 201 0.033778 
199 201 0.046676 
199 202 0.032514 
200 202 0.035294 
200 203 0.026515 
201 203 0.03827 
201 204 0.028124 
202 204 0.0397 
202 205 0.031272 
203 205 0.040317 
203 206 0.035331 
204 206 0.043612 
204 207 0.035322 
205 207 0.043898 
205 208 0.031715 
206 208 0.043856 
206 209 0.029504 
207 209 0.039418 
207 210 0.026853 
208 210 0.038066 
208 211 0.027874 
209 211 0.031417 
209 212 0.030778 
210 212 0.036776 
210 213 0.027401 
211 213 0.0452 
211 214 0.030624 
212 214 0.041718 
212 215 0.027655 
213 215 0.036797 
213 216 0.029977 
214 216 0.042153 
214 217 0.037111 
215 217 0.047621 
215 218 0.028829 
216 218 0.037159 
216 219 0.028329 
217 219 0.042778 
217 220 0.036212 
218 220 0.050486 
218 221 0.032942 
219 221 0.037857 
219 222 0.029702 
220 222 0.041219 
220 223 0.030618 
221 223 0.038789 
221 224 0.027587 
222 224 0.037369 
222 225 0.029875 
223 225 0.03888 
223 226 0.031313 
224 226 0.036433 
224 227 0.026938 
225 227 0.033835 
225 228 0.024923 
226 228 0.040435 
226 229 0.030814 
227 229 0.041262 
227 230 0.031715 
228 230 0.038325 
228 231 0.025964 
229 231 0.034826 
229 232 0.027166 
230 232 0.03618 
230 233 0.026452 
231 233 0.033905 
231 234 0.032699 
232 234 0.041951 
232 235 0.028741 
233 235 0.035707 
233 236 0.02404 
234 236 0.040368 
234 237 0.032658 
235 237 0.039432 
235 238 0.029839 
236 238 0.040859 
236 239 0.031254 
237 239 0.041313 
237 240 0.03113 
238 240 0.038366 
238 241 0.026148 
239 241 0.036384 
239 242 0.027068 
240 242 0.039589 
240 243 0.029483 
241 243 0.039637 
241 244 0.032103 
242 244 0.04214 
242 245 0.029564 
243 245 0.032954 
243 246 0.02416 
244 246 0.028021 
244 247 0.020457 
245 247 0.042788 
245 248 0.036485 
246 248 0.044467 
246 249 0.034761 
247 249 0.041582 
247 250 0.032383 
248 250 0.042888 
248 251 0.030548 
249 251 0.038426 
249 252 0.025243 
250 252 0.031368 
250 253 0.027603 
251 253 0.035493 
251 254 0.037683 
252 254 0.04302 
252 255 0.02897 
253 255 0.035427 
253 256 0.023894 
254 256 0.035386 
254 257 0.024902 
255 257 0.041082 
255 258 0.026827 
256 258 0.036481 
256 259 0.025913 
257 259 0.034303 
257 260 0.028025 
258 260 0.03679 
258 261 0.027206 
259 261 0.037841 
259 262 0.029159 
260 262 0.039593 
260 263 0.026105 
261 263 0.036746 
261 264 0.025546 
262 264 0.036585 
262 265 0.027481 
263 265 0.041129 
263 266 0.033512 
264 266 0.04708 
264 267 0.028506 
265 267 0.037384 
265 268 0.024853 
266 268 0.035887 
266 269 0.025289 
267 269 0.033216 
267 270 0.027844 
268 270 0.042017 
268 271 0.030694 
269 271 0.037846 
269 272 0.028996 
270 272 0.035144 
270 273 0.02728 
271 273 0.041144 
271 274 0.032321 
272 274 0.047422 
272 275 0.026085 
273 275 0.037261 
273 276 0.027006 
274 276 0.042821 
274 277 0.034738 
275 277 0.04218 
275 278 0.03194 
276 278 0.044302 
276 279 0.030905 
277 279 0.044762 
277 280 0.027247 
278 280 0.038773 
278 281 0.028625 
279 281 0.035234 
279 282 0.024752 
280 282 0.036196 
280 283 0.027998 
281 283 0.04514 
281 284 0.032991 
282 284 0.041754 
282 285 0.029189 
283 285 0.04009 
283 286 0.026876 
284 286 0.039104 
284 287 0.030388 
285 287 0.037212 
285 288 0.023419 
286 288 0.03095 
286 289 0.02573 
287 289 0.040298 
287 290 0.032326 
288 290 0.035011 
288 291 0.027987 
289 291 0.042688 
289 292 0.02442 
290 292 0.036044 
290 293 0.025176 
291 293 0.035987 
291 294 0.026869 
292 294 0.028985 
292 295 0.028516 
293 295 0.022641 
293 296 0.029563 
294 296 0.025172 
294 297 0.026082 
295 297 0.028141 
295 298 0.022726 
296 298 0.031659 
296 299 0.032253 
297 299 0.037819 
297 300 0.025953 
298 300 0.03229 
298 301 0.023798 
299 301 0.031337 
299 302 0.031097 
300 302 0.038205 
300 303 0.025254 
301 303 0.03317 
301 304 0.023764 
302 304 0.036052 
302 305 0.037111 
303 305 0.045796 
303 306 0.025086 
304 306 0.030828 
304 307 0.025433 
305 307 0.044907 
305 308 0.026702 
306 308 0.037318 
306 309 0.029746 
307 309 0.039087 
307 310 0.028418 
308 310 0.032723 
308 311 0.024645 
309 311 0.034258 
309 312 0.029221 
310 312 0.042774 
310 313 0.03115 
311 313 0.03829 
311 314 0.02901 
312 314 0.043342 
312 315 0.026753 
313 315 0.033961 
313 316 0.02633 
314 316 0.033743 
314 317 0.026642 
315 317 0.040112 
315 318 0.029336 
316 318 0.037123 
316 319 0.02545 
317 319 0.035791 
317 320 0.02724 
318 320 0.041794 
318 321 0.031983 
319 321 0.041664 
319 322 0.028298 
320 322 0.040194 
320 323 0.025326 
321 323 0.036477 
321 324 0.025233 
322 324 0.037372 
322 325 0.026976 
323 325 0.033706 
323 326 0.02973 
324 326 0.040153 
324 327 0.028085 
325 327 0.034038 
325 328 0.027313 
326 328 0.040893 
326 329 0.0311 
327 329 0.042191 
327 330 0.027879 
328 330 0.035897 
328 331 0.024239 
329 331 0.029086 
329 332 0.025958 
330 332 0.037692 
330 333 0.022818 
331 333 0.025747 
331 334 0.023805 
332 334 0.030267 
332 335 0.027259 
333 335 0.047536 
333 336 0.029084 
334 336 0.036162 
334 337 0.021426 
335 337 0.025891 
335 338 0.020103 
336 338 0.032225 
336 339 0.034992 
337 339 0.042593 
337 340 0.033828 
338 340 0.039274 
338 341 0.026534 
339 341 0.039787 
339 342 0.02831 
340 342 0.036849 
340 343 0.029395 
341 343 0.033155 
341 344 0.024182 
342 344 0.037797 
342 345 0.026129 
343 345 0.03646 
343 346 0.02909 
344 346 0.040687 
344 347 0.029639 
345 347 0.041639 
345 348 0.028286 
346 348 0.039346 
346 349 0.029319 
347 349 0.044194 
347 350 0.035538 
348 350 0.042862 
348 351 0.029717 
349 351 0.039554 
349 352 0.029632 
350 352 0.036791 
350 353 0.029259 
351 353 0.046145 
351 354 0.036323 
352 354 0.046903 
352 355 0.034522 
353 355 0.044308 
353 356 0.028821 
354 356 0.042702 
354 357 0.036717 
355 357 0.044069 
355 358 0.024139 
356 358 0.030664 
356 359 0.02917 
357 359 0.04994 
357 360 0.036495 
358 360 0.031301 
358 361 0.023374 
359 361 0.040797 
359 365 0.015849 
360 362 0.039736 
360 363 0.02822 
361 363 0.041512 
361 364 0.028685 
362 364 0.043714 
362 365 0.033522 
362 366 0.026891 
363 365 0.046708 
363 366 0.031497 
364 366 0.033793 
364 367 0.027942 
365 367 0.038767 
366 368 0.044226 
367 369 0.036849 
367 370 0.031014 
368 370 0.050916 
368 371 0.037935 
368 372 0.030658 
369 371 0.051737 
369 372 0.036725 
369 373 0.033542 
370 372 0.047914 
370 373 0.04164 
371 373 0.051412 
371 374 0.039187 
372 374 0.063507 
373 381 0.019349 
374 380 0.028615 
374 381 0.022338 
380 382 0.079943 
380 383 0.065112 
380 384 0.062475 
381 383 0.065673 
381 384 0.056778 
382 384 0.069315 
382 385 0.039256 
382 386 0.030327 
383 385 0.051072 
383 386 0.037107 
384 387 0.049852 
385 387 0.055557 
385 388 0.046338 
386 388 0.061138 
386 389 0.036724 
387 389 0.047115 
387 390 0.027291 
388 390 0.03555 
388 391 0.01898 
389 391 0.037396 
389 392 0.024603 
390 392 0.041279 
390 393 0.030222 
391 393 0.039672 
391 394 0.029579 
392 394 0.044739 
392 395 0.032906 
393 395 0.044471 
393 396 0.032265 
394 396 0.038391 
394 397 0.035245 
395 397 0.045518 
395 398 0.03556 
396 398 0.040392 
396 399 0.023465 
397 399 0.033282 
397 400 0.024567 
398 400 0.040217 
398 401 0.041114 
399 401 0.036771 
399 402 0.025447 
400 402 0.039899 
400 403 0.039148 
401 403 0.043624 
401 404 0.03904 
402 404 0.041025 
402 405 0.026565 
403 405 0.041243 
403 406 0.028532 
404 406 0.046925 
404 407 0.035726 
405 407 0.042807 
405 408 0.030881 
406 408 0.043013 
406 409 0.028023 
407 409 0.043225 
407 410 0.032146 
408 410 0.042378 
408 411 0.030945 
409 411 0.034299 
409 412 0.029252 
410 412 0.038206 
410 413 0.028179 
411 413 0.043368 
411 414 0.028836 
412 414 0.040286 
412 415 0.025745 
413 415 0.034866 
413 416 0.032553 
414 416 0.040122 
414 417 0.033615 
415 417 0.03565 
415 418 0.027733 
416 418 0.039005 
416 419 0.026341 
417 419 0.037517 
417 420 0.031396 
418 420 0.045572 
418 421 0.037911 
419 421 0.042842 
419 422 0.023152 
420 422 0.030107 
420 423 0.026196 
421 423 0.041489 
421 424 0.028936 
422 424 0.038055 
422 425 0.025242 
423 425 0.032125 
423 426 0.026594 
424 426 0.03499 
424 427 0.031462 
425 427 0.045776 
425 428 0.031384 
426 428 0.03552 
426 429 0.025592 
427 429 0.035076 
427 430 0.025081 
428 430 0.039847 
428 431 0.034864 
429 431 0.04233 
429 432 0.031316 
430 432 0.036528 
430 433 0.026368 
431 433 0.03711 
431 434 0.02924 
432 434 0.045943 
432 435 0.029812 
433 435 0.036486 
433 436 0.027121 
434 436 0.039303 
434 437 0.033968 
435 437 0.042848 
435 438 0.036814 
436 438 0.04177 
436 439 0.029668 
437 439 0.042686 
437 440 0.028785 
438 440 0.044947 
438 441 0.031317 
439 441 0.044676 
439 442 0.035889 
440 442 0.052193 
440 443 0.045932 
441 443 0.054158 
441 444 0.025671 
442 444 0.034643 
442 445 0.037969 
443 445 0.057076 
443 446 0.029947 
444 446 0.03454 
444 447 0.025907 
445 447 0.037489 
445 448 0.028621 
446 448 0.037641 
446 449 0.027811 
447 449 0.04253 
447 450 0.027668 
448 450 0.036202 
448 451 0.025741 
449 451 0.041162 
449 452 0.029855 
450 452 0.037065 
450 453 0.032925 
451 453 0.047773 
451 454 0.032493 
452 454 0.038713 
452 455 0.03037 
453 455 0.035732 
453 456 0.029149 
454 456 0.042031 
454 457 0.031376 
455 457 0.03911 
455 458 0.028654 
456 458 0.036788 
456 459 0.028979 
457 459 0.04351 
457 460 0.031723 
458 460 0.044309 
458 461 0.032822 
459 461 0.042364 
459 462 0.033932 
460 462 0.04462 
460 463 0.035202 
461 463 0.041758 
461 464 0.027777 
462 464 0.039307 
462 465 0.027655 
463 465 0.043579 
463 466 0.037692 
464 466 0.043368 
464 467 0.034867 
465 467 0.043333 
465 468 0.027167 
466 468 0.036715 
466 469 0.029076 
467 469 0.038315 
467 470 0.030338 
468 470 0.048237 
468 471 0.033064 
469 471 0.045061 
469 472 0.031158 
470 472 0.035499 
470 473 0.022061 
471 473 0.03471 
471 474 0.027038 
472 474 0.037395 
472 475 0.03059 
473 475 0.054293 
473 476 0.038983 
474 476 0.050351 
474 477 0.031037 
475 477 0.041061 
475 478 0.026716 
476 478 0.036064 
476 479 0.028588 
477 479 0.040396 
477 480 0.031167 
478 480 0.043166 
478 481 0.037539 
479 481 0.039813 
479 482 0.029292 
480 482 0.035221 
480 483 0.028447 
481 483 0.043937 
481 484 0.036021 
482 484 0.054716 
482 485 0.036518 
483 485 0.041899 
483 486 0.030395 
484 486 0.045656 
484 487 0.030734 
485 487 0.043599 
485 488 0.033377 
486 488 0.042063 
486 489 0.02759 
487 489 0.034087 
487 490 0.031273 
488 490 0.041907 
488 491 0.026376 
489 491 0.042391 
489 492 0.027184 
490 492 0.046148 
490 493 0.026363 
491 493 0.028169 
491 494 0.023874 
492 494 0.039135 
492 495 0.031604 
493 495 0.043293 
493 496 0.030441 
494 496 0.038727 
494 497 0.028098 
495 497 0.039739 
495 498 0.031505 
496 498 0.038419 
496 499 0.027173 
497 499 0.034372 
497 500 0.029615 
498 500 0.040778 
498 501 0.035104 
499 501 0.045574 
499 502 0.031953 
500 502 0.043583 
500 503 0.02871 
501 503 0.036332 
501 504 0.029814 
502 504 0.040017 
502 505 0.031251 
503 505 0.040301 
503 506 0.032526 
504 506 0.042452 
504 507 0.038025 
505 507 0.041776 
505 508 0.035149 
506 508 0.0429 
506 509 0.032168 
507 509 0.041526 
507 510 0.027932 
508 510 0.039342 
508 511 0.026032 
509 511 0.032717 
509 512 0.025434 
510 512 0.041863 
510 513 0.026423 
511 513 0.038312 
511 514 0.029495 
512 514 0.038139 
512 515 0.03203 
513 515 0.038149 
513 516 0.031673 
514 516 0.036004 
514 517 0.025957 
515 517 0.035276 
515 518 0.024444 
516 518 0.033893 
516 519 0.023818 
517 519 0.038994 
517 520 0.030784 
518 520 0.042628 
518 521 0.030294 
519 521 0.03759 
519 522 0.033822 
520 522 0.036889 
520 523 0.023125 
521 523 0.032208 
521 524 0.023123 
522 524 0.035515 
522 525 0.029066 
523 525 0.04873 
523 526 0.038152 
524 526 0.045129 
524 527 0.03403 
525 527 0.043548 
525 528 0.0298 
526 528 0.043918 
526 529 0.034632 
527 529 0.054302 
527 530 0.039586 
528 530 0.067648 
528 531 0.044331 
529 531 0.044742 
529 532 0.031413 
530 532 0.03952 
530 533 0.031107 
531 533 0.037626 
531 534 0.025996 
532 534 0.032977 
532 535 0.02538 
533 535 0.036812 
533 536 0.030333 
534 536 0.053253 
534 537 0.034989 
535 537 0.044801 
535 538 0.03301 
536 538 0.042267 
536 539 0.036141 
537 539 0.050568 
537 540 0.030313 
538 540 0.040568 
538 541 0.032654 
539 541 0.043432 
539 542 0.031039 
540 542 0.043413 
540 543 0.031736 
541 543 0.045363 
541 544 0.03246 
542 544 0.036807 
542 547 0.021342 
543 545 0.031963 
543 546 0.029072 
544 546 0.045364 
544 548 0.026687 
545 547 0.040018 
545 548 0.030007 
545 549 0.028071 
546 548 0.036299 
546 549 0.031008 
547 549 0.035993 
547 550 0.030812 
548 550 0.036921 
549 551 0.037943 
550 552 0.040542 
550 556 0.025718 
551 553 0.054183 
551 554 0.046613 
551 555 0.037829 
552 554 0.057451 
552 555 0.045313 
552 556 0.041713 
553 555 0.062559 
553 556 0.055246 
553 557 0.042276 
554 556 0.10027 
554 557 0.06581 
555 557 0.11912 
557 1258 0.0062659 
562 564 0.040197 
562 565 0.045404 
562 566 0.034318 
563 565 0.0616 
563 566 0.046396 
563 567 0.036482 
563 1008 0.018394 
564 566 0.04763 
564 567 0.033933 
564 568 0.025121 
565 567 0.043994 
565 570 0.022099 
566 568 0.030968 
567 569 0.039518 
568 570 0.044863 
568 571 0.030736 
569 571 0.0407 
569 572 0.031861 
569 573 0.029281 
570 572 0.037597 
570 573 0.030047 
571 573 0.037927 
571 574 0.026846 
572 574 0.03806 
572 575 0.026117 
573 575 0.032162 
574 576 0.038125 
574 577 0.027071 
575 577 0.042308 
575 578 0.031748 
576 578 0.041675 
576 579 0.034594 
576 580 0.033269 
577 579 0.04275 
577 580 0.039819 
578 580 0.046328 
578 581 0.033286 
579 581 0.045913 
579 582 0.028598 
580 582 0.044366 
581 583 0.037947 
581 584 0.02931 
582 584 0.056527 
582 585 0.033749 
583 585 0.043321 
583 586 0.032913 
583 1257 0.00056131 
584 586 0.040469 
584 587 0.033225 
585 587 0.048497 
585 588 0.032859 
586 588 0.041495 
586 589 0.030488 
587 589 0.041479 
587 590 0.031203 
588 590 0.042698 
588 591 0.031051 
589 591 0.041435 
589 592 0.031615 
590 592 0.03923 
590 593 0.0305 
591 593 0.043177 
591 594 0.026535 
592 594 0.037055 
592 595 0.026617 
593 595 0.041582 
593 596 0.03061 
594 596 0.038906 
594 597 0.032012 
595 597 0.046027 
595 598 0.037191 
596 598 0.042956 
596 599 0.026965 
597 599 0.037654 
597 600 0.027348 
598 600 0.040973 
598 601 0.040621 
599 601 0.048075 
599 602 0.027938 
600 602 0.035115 
600 603 0.025281 
601 603 0.037103 
601 604 0.028271 
602 604 0.042311 
602 605 0.037485 
603 605 0.048368 
603 606 0.030655 
604 606 0.034091 
604 607 0.024822 
605 607 0.03183 
605 608 0.024848 
606 608 0.047363 
606 609 0.0316 
607 609 0.043068 
607 610 0.028369 
608 610 0.036242 
608 611 0.030387 
609 611 0.038897 
609 612 0.032134 
610 612 0.043278 
610 613 0.034548 
611 613 0.041289 
611 614 0.030952 
612 614 0.041205 
612 615 0.027065 
613 615 0.039572 
613 616 0.031517 
614 616 0.04479 
614 617 0.03593 
615 617 0.042112 
615 618 0.031892 
616 618 0.044694 
616 619 0.029675 
617 619 0.037834 
617 620 0.028895 
618 620 0.030816 
618 621 0.02412 
619 621 0.041136 
619 622 0.024288 
620 622 0.033088 
620 623 0.025615 
621 623 0.036158 
621 624 0.027259 
622 624 0.039636 
622 625 0.029937 
623 625 0.038475 
623 626 0.026596 
624 626 0.033588 
624 627 0.024832 
625 627 0.038129 
625 628 0.030294 
626 628 0.038604 
626 629 0.032036 
627 629 0.041283 
627 630 0.029609 
628 630 0.035095 
628 631 0.024386 
629 631 0.032713 
629 632 0.026194 
630 632 0.040717 
630 633 0.028886 
631 633 0.039478 
631 634 0.02986 
632 634 0.043362 
632 635 0.03032 
633 635 0.044964 
633 636 0.031246 
634 636 0.046839 
634 637 0.030251 
635 637 0.045115 
635 638 0.03559 
636 638 0.044824 
636 639 0.037459 
637 639 0.045976 
637 640 0.025386 
638 640 0.036683 
638 641 0.023896 
639 641 0.03439 
639 642 0.025135 
640 642 0.031994 
640 643 0.029251 
641 643 0.038624 
641 644 0.032445 
642 644 0.039279 
642 645 0.030519 
643 645 0.030751 
643 647 0.019629 
644 646 0.032341 
644 647 0.024186 
645 647 0.036931 
645 648 0.03244 
646 648 0.041811 
646 649 0.041176 
646 650 0.034287 
647 649 0.037635 
648 650 0.044573 
648 651 0.030307 
649 651 0.05118 
649 652 0.030938 
650 652 0.049278 
650 653 0.033501 
651 653 0.0441 
651 654 0.031372 
652 654 0.04269 
652 655 0.029468 
653 655 0.034615 
653 656 0.028337 
654 656 0.038823 
654 657 0.032693 
655 657 0.039025 
655 658 0.029758 
656 658 0.038469 
656 659 0.032184 
657 659 0.048331 
657 660 0.030924 
658 660 0.04048 
658 661 0.029322 
659 661 0.046677 
659 662 0.028291 
660 662 0.042087 
660 663 0.028699 
661 663 0.040946 
661 664 0.028651 
662 664 0.037673 
662 665 0.033495 
663 665 0.036931 
663 666 0.02918 
664 666 0.040016 
664 667 0.025953 
665 667 0.036337 
665 668 0.026354 
666 668 0.032701 
666 669 0.021511 
667 669 0.036559 
667 670 0.031574 
668 670 0.048135 
668 671 0.03096 
669 671 0.030872 
669 672 0.022753 
670 672 0.038927 
670 673 0.026955 
671 673 0.037895 
671 674 0.034866 
672 674 0.043498 
672 675 0.035477 
673 675 0.037441 
673 676 0.025752 
674 676 0.036169 
674 677 0.025379 
675 677 0.035828 
675 678 0.026791 
676 678 0.039186 
676 679 0.030955 
677 679 0.038585 
677 680 0.033539 
678 680 0.040108 
678 681 0.029494 
679 681 0.045532 
679 682 0.030358 
680 682 0.040084 
680 683 0.025367 
681 683 0.0316 
681 684 0.023208 
682 684 0.03399 
682 686 0.029401 
683 685 0.03285 
683 686 0.032473 
684 686 0.044868 
684 687 0.035645 
685 687 0.028438 
685 688 0.021626 
685 689 0.022961 
686 688 0.042758 
687 689 0.04234 
687 690 0.028271 
688 690 0.044462 
688 691 0.03332 
689 691 0.049742 
689 692 0.043148 
690 692 0.060819 
690 693 0.043687 
691 693 0.046081 
691 694 0.030612 
692 694 0.03683 
692 695 0.028762 
693 695 0.037391 
693 696 0.028991 
694 696 0.040056 
694 697 0.029137 
695 697 0.037934 
695 698 0.02518 
696 698 0.041665 
696 699 0.027602 
697 699 0.034963 
697 700 0.028078 
698 700 0.039061 
698 701 0.029554 
699 701 0.035239 
699 702 0.025776 
700 702 0.041122 
700 703 0.028191 
701 703 0.040448 
701 704 0.028244 
702 704 0.036962 
702 705 0.029349 
703 705 0.038467 
703 706 0.030134 
704 706 0.04168 
704 707 0.02024 
705 707 0.035673 
705 708 0.022753 
706 708 0.031359 
706 709 0.025064 
707 709 0.045303 
707 710 0.032935 
708 710 0.039527 
708 711 0.030362 
709 711 0.042838 
709 715 0.016914 
710 712 0.04504 
710 716 0.017631 
711 713 0.041556 
711 714 0.032568 
712 714 0.043899 
712 715 0.03275 
712 716 0.026707 
713 715 0.047481 
713 716 0.037689 
713 717 0.032909 
714 716 0.055887 
714 717 0.043734 
715 717 0.051526 
717 724 0.013026 
724 726 0.089705 
724 727 0.046322 
724 728 0.040838 
725 727 0.057758 
725 728 0.044027 
725 729 0.031881 
725 731 0.019206 
726 728 0.059561 
726 729 0.039193 
726 730 0.028937 
727 729 0.043235 
727 731 0.02581 
728 730 0.056098 
729 731 0.053639 
730 732 0.058394 
730 733 0.030854 
731 733 0.034587 
732 734 0.035983 
732 735 0.03225 
732 736 0.035615 
733 735 0.041756 
733 736 0.042045 
734 736 0.052347 
734 737 0.028842 
734 739 0.016749 
735 737 0.03583 
735 738 0.026261 
736 738 0.039042 
737 739 0.044291 
737 740 0.029696 
738 740 0.046896 
738 741 0.033703 
739 741 0.052106 
739 742 0.037463 
740 742 0.039543 
740 743 0.028065 
741 743 0.036688 
741 744 0.025518 
742 744 0.042701 
742 745 0.028748 
743 745 0.044366 
743 747 0.049956 
744 746 0.047384 
744 747 0.045925 
745 747 0.042966 
745 748 0.025183 
746 748 0.031928 
746 749 0.026316 
746 750 0.020513 
747 749 0.038846 
748 750 0.044225 
748 751 0.035438 
749 751 0.040999 
749 752 0.029828 
750 752 0.036165 
750 753 0.026587 
751 753 0.035572 
751 754 0.027634 
752 754 0.03996 
752 755 0.032878 
753 755 0.039878 
753 756 0.026115 
754 756 0.030943 
754 757 0.021876 
755 757 0.02786 
755 758 0.024941 
756 758 0.043588 
756 759 0.031256 
757 759 0.048429 
757 760 0.044128 
758 760 0.046573 
758 761 0.026024 
759 761 0.033051 
759 762 0.025104 
760 762 0.03544 
760 763 0.029758 
761 763 0.041443 
761 764 0.031476 
762 764 0.039826 
762 765 0.028066 
763 765 0.040081 
763 766 0.032455 
764 766 0.048062 
764 767 0.03715 
765 767 0.046942 
765 768 0.03581 
766 768 0.042387 
766 769 0.028165 
767 769 0.040371 
767 770 0.029596 
768 770 0.04709 
768 771 0.055726 
769 771 0.066339 
769 772 0.032696 
770 772 0.037087 
770 773 0.020234 
771 773 0.029376 
771 774 0.021921 
772 774 0.06085 
772 775 0.048467 
773 775 0.062653 
773 776 0.039248 
774 776 0.047911 
774 777 0.0303 
775 777 0.041738 
775 778 0.027725 
776 778 0.045472 
776 779 0.029463 
777 779 0.038052 
777 780 0.037109 
778 780 0.046255 
778 781 0.03218 
779 781 0.037648 
779 782 0.024778 
780 782 0.037621 
780 783 0.031567 
781 783 0.044516 
781 784 0.036368 
782 784 0.048716 
782 785 0.030401 
783 785 0.03772 
783 786 0.028965 
784 786 0.036649 
784 787 0.035033 
785 787 0.045338 
785 788 0.031583 
786 788 0.037175 
786 789 0.024008 
787 789 0.031696 
787 790 0.027496 
788 790 0.039202 
788 791 0.031437 
789 791 0.044562 
789 792 0.033264 
790 792 0.043118 
790 793 0.029441 
791 793 0.039751 
791 794 0.026785 
792 794 0.036203 
792 795 0.025147 
793 795 0.0378 
793 796 0.029074 
794 796 0.034922 
794 797 0.029164 
795 797 0.041091 
795 798 0.035361 
796 798 0.046899 
796 799 0.030869 
797 799 0.039773 
797 800 0.023783 
798 800 0.031704 
798 801 0.02885 
799 801 0.040303 
799 802 0.033319 
800 802 0.03727 
800 803 0.027832 
801 803 0.039243 
801 804 0.027136 
802 804 0.037061 
802 805 0.030094 
803 805 0.03906 
803 806 0.027305 
804 806 0.03668 
804 807 0.02938 
805 807 0.038735 
805 808 0.028526 
806 808 0.036779 
806 809 0.023967 
807 809 0.038952 
807 810 0.027551 
808 810 0.036964 
808 811 0.02482 
809 811 0.035689 
809 812 0.031887 
810 812 0.041827 
810 813 0.037314 
811 813 0.038162 
811 814 0.02494 
812 814 0.033537 
812 815 0.024626 
813 815 0.031369 
813 816 0.024114 
814 816 0.044822 
814 817 0.034227 
815 817 0.036679 
815 818 0.03146 
816 818 0.039449 
816 819 0.030662 
817 819 0.039587 
817 820 0.027022 
818 820 0.038199 
818 821 0.027074 
819 821 0.038435 
819 822 0.031933 
820 822 0.045287 
820 823 0.032653 
821 823 0.03841 
821 824 0.030432 
822 824 0.038129 
822 825 0.02783 
823 825 0.03571 
823 826 0.028368 
824 826 0.04208 
824 827 0.029481 
825 827 0.03635 
825 828 0.030795 
826 828 0.037169 
826 829 0.031531 
827 829 0.040156 
827 830 0.028623 
828 830 0.039637 
828 831 0.025101 
829 831 0.031594 
829 832 0.024085 
830 832 0.034613 
830 833 0.033574 
831 833 0.045583 
831 834 0.030061 
832 834 0.02855 
832 835 0.022883 
833 835 0.028938 
833 836 0.022949 
834 836 0.044727 
834 837 0.028436 
835 837 0.032926 
835 838 0.028391 
836 838 0.03584 
836 839 0.027332 
837 839 0.04105 
837 840 0.030882 
838 840 0.038485 
838 841 0.031868 
839 841 0.031501 
839 842 0.023646 
840 842 0.040842 
840 843 0.030991 
841 843 0.042954 
841 844 0.026456 
842 844 0.035912 
842 845 0.028588 
843 845 0.040182 
843 846 0.035022 
844 846 0.042929 
844 847 0.029138 
845 847 0.038516 
845 848 0.026395 
846 848 0.034849 
846 849 0.026957 
847 849 0.035644 
847 850 0.032519 
848 850 0.036781 
848 851 0.028824 
849 851 0.036398 
849 852 0.026874 
850 852 0.043344 
850 853 0.024552 
851 853 0.030881 
851 854 0.028299 
852 854 0.043885 
852 855 0.026549 
853 855 0.041083 
853 856 0.03652 
854 856 0.043771 
854 857 0.030453 
855 857 0.036953 
855 858 0.027429 
856 858 0.035519 
856 859 0.02835 
857 859 0.038136 
857 860 0.025688 
858 860 0.03571 
858 861 0.036366 
859 861 0.044037 
859 862 0.026691 
860 862 0.031076 
860 863 0.022133 
861 863 0.042253 
861 864 0.028981 
862 864 0.03544 
862 865 0.028412 
863 865 0.041742 
863 866 0.034274 
864 866 0.039782 
864 867 0.032916 
865 867 0.043603 
865 868 0.028953 
866 868 0.037533 
866 869 0.026569 
867 869 0.036746 
867 870 0.02618 
868 870 0.037228 
868 871 0.030924 
869 871 0.03984 
869 872 0.03025 
870 872 0.037418 
870 873 0.024876 
871 873 0.037466 
871 874 0.027607 
872 874 0.042526 
872 875 0.033806 
873 875 0.041728 
873 876 0.034475 
874 876 0.037783 
874 877 0.029046 
875 877 0.038412 
875 878 0.026111 
876 878 0.039452 
876 879 0.027114 
877 879 0.040898 
877 880 0.030337 
878 880 0.039725 
878 881 0.028013 
879 881 0.042052 
879 882 0.028142 
880 882 0.040562 
880 883 0.03124 
881 883 0.040845 
881 884 0.039407 
882 884 0.037455 
882 885 0.032883 
883 885 0.039635 
883 886 0.026346 
884 886 0.038325 
884 887 0.025747 
885 887 0.034704 
885 888 0.027712 
886 888 0.040879 
886 889 0.032655 
887 889 0.043877 
887 890 0.035256 
888 890 0.047983 
888 891 0.030519 
889 891 0.034749 
889 892 0.021832 
890 892 0.037842 
890 893 0.033572 
891 893 0.048572 
891 894 0.039828 
892 894 0.049766 
892 895 0.031195 
893 895 0.041407 
893 896 0.028987 
894 896 0.038572 
894 897 0.029751 
895 897 0.045171 
895 898 0.036337 
896 898 0.044266 
896 899 0.030849 
897 899 0.04165 
897 900 0.024441 
898 900 0.031277 
898 901 0.02946 
899 901 0.03844 
899 902 0.032401 
900 902 0.037347 
900 903 0.027728 
901 903 0.03662 
901 904 0.028885 
902 904 0.039163 
902 905 0.027838 
903 905 0.042004 
903 906 0.035984 
904 906 0.046742 
904 907 0.031969 
905 907 0.039039 
905 908 0.026452 
906 908 0.035682 
906 909 0.039775 
907 909 0.044851 
907 910 0.02466 
908 910 0.030687 
908 911 0.025895 
909 911 0.042673 
909 912 0.033995 
910 912 0.036865 
910 913 0.026118 
911 913 0.04023 
911 914 0.029093 
912 914 0.043962 
912 915 0.035733 
913 915 0.057547 
913 916 0.035773 
914 916 0.037183 
914 917 0.029482 
915 917 0.047191 
915 918 0.036348 
916 918 0.044704 
916 919 0.032586 
917 919 0.045562 
917 920 0.033473 
918 920 0.045065 
918 921 0.031808 
919 921 0.040716 
919 922 0.030034 
920 922 0.038086 
920 923 0.034175 
921 923 0.04157 
921 924 0.032423 
922 924 0.046843 
922 925 0.030409 
923 925 0.038828 
923 926 0.029537 
924 926 0.039148 
924 927 0.033707 
925 927 0.041843 
925 928 0.030583 
926 928 0.043886 
926 929 0.030023 
927 929 0.03978 
927 930 0.032591 
928 930 0.043444 
928 931 0.032578 
929 931 0.041564 
929 932 0.034272 
930 932 0.051189 
930 933 0.035953 
931 933 0.045527 
931 934 0.031739 
932 934 0.044814 
932 935 0.035387 
933 935 0.048196 
933 936 0.033748 
934 936 0.042761 
934 937 0.033274 
935 937 0.045853 
935 938 0.035581 
936 938 0.044204 
936 939 0.030327 
937 939 0.042018 
937 940 0.032769 
938 940 0.044249 
938 941 0.03514 
939 941 0.03623 
939 942 0.024934 
940 942 0.033078 
940 943 0.026194 
941 943 0.044091 
941 944 0.029229 
942 944 0.041598 
942 945 0.035094 
943 945 0.043139 
943 946 0.032539 
944 946 0.032403 
944 947 0.022075 
945 947 0.03668 
945 948 0.029357 
946 948 0.04789 
946 949 0.040513 
947 949 0.046061 
947 950 0.029887 
948 950 0.042575 
948 951 0.030413 
949 951 0.041519 
949 952 0.034469 
950 952 0.045285 
950 953 0.037814 
951 953 0.047571 
951 954 0.032006 
952 954 0.04226 
952 955 0.02395 
953 955 0.032376 
953 956 0.028293 
954 956 0.037627 
954 957 0.033576 
955 957 0.041846 
955 958 0.037749 
956 958 0.043241 
956 959 0.029348 
957 959 0.037306 
957 960 0.023291 
958 960 0.037087 
958 961 0.029743 
959 961 0.042243 
959 962 0.035414 
960 962 0.047161 
960 963 0.031585 
961 963 0.03148 
961 964 0.025835 
962 964 0.033743 
962 965 0.033113 
963 965 0.052245 
963 966 0.036654 
964 966 0.042837 
964 967 0.03331 
965 967 0.053689 
965 968 0.027889 
966 968 0.037586 
966 969 0.033341 
967 969 0.047853 
967 970 0.037679 
968 970 0.041638 
968 971 0.029777 
969 971 0.045938 
969 972 0.033675 
970 972 0.048646 
970 973 0.051631 
971 973 0.042074 
971 974 0.033378 
972 974 0.042882 
972 975 0.02467 
973 975 0.034345 
973 976 0.033449 
974 976 0.046065 
974 977 0.029908 
975 977 0.044237 
975 978 0.032884 
976 978 0.04917 
976 979 0.045909 
977 979 0.053111 
977 980 0.037251 
978 980 0.045889 
978 981 0.031989 
979 981 0.043534 
979 982 0.035246 
980 982 0.049836 
980 983 0.031775 
981 983 0.045293 
981 984 0.034137 
982 984 0.04647 
982 985 0.037142 
983 985 0.049182 
983 986 0.036935 
984 986 0.047746 
984 987 0.031421 
985 987 0.04499 
985 988 0.034253 
986 988 0.046227 
986 989 0.034341 
987 989 0.045985 
987 990 0.03572 
988 990 0.055427 
988 991 0.040446 
989 991 0.056719 
989 992 0.039077 
990 992 0.052136 
990 993 0.038686 
991 993 0.060873 
991 994 0.047523 
992 994 0.052407 
992 995 0.03707 
993 995 0.048375 
993 996 0.036644 
994 996 0.049015 
994 997 0.032688 
995 997 0.0395 
995 998 0.029043 
996 998 0.041072 
996 999 0.033138 
997 999 0.046907 
997 1000 0.031993 
998 1000 0.036571 
998 1001 0.031787 
999 1001 0.042556 
999 1002 0.034382 
1000 1002 0.040206 
1000 1006 0.022803 
1001 1003 0.038983 
1001 1004 0.038679 
1002 1005 0.031778 
1002 1007 0.02564 
1003 1005 0.043251 
1003 1006 0.031821 
1003 1007 0.030397 
1004 1006 0.058612 
1004 1007 0.045976 
1004 1008 0.049856 
1005 1007 0.058422 
1005 1008 0.055274 
1006 1008 0.071458 
1016 1018 0.10004 
1016 1019 0.059324 
1016 1020 0.043203 
1016 1257 0.0016519 
1017 1019 0.079412 
1017 1020 0.056497 
1017 1021 0.044417 
1017 1024 0.024753 
1018 1020 0.066006 
1018 1021 0.053509 
1018 1022 0.041359 
1019 1021 0.056994 
1019 1023 0.031695 
1020 1022 0.043746 
1021 1023 0.044944 
1022 1024 0.049661 
1022 1025 0.037061 
1023 1025 0.042457 
1023 1026 0.045118 
1024 1026 0.04235 
1024 1027 0.029609 
1025 1027 0.035879 
1025 1028 0.026769 
1026 1028 0.039654 
1026 1029 0.029167 
1027 1029 0.047129 
1027 1030 0.037849 
1028 1030 0.045421 
1028 1031 0.036663 
1029 1031 0.040831 
1029 1032 0.027148 
1030 1032 0.039674 
1030 1033 0.033119 
1031 1033 0.043558 
1031 1034 0.033826 
1032 1034 0.043787 
1032 1035 0.034054 
1033 1035 0.037568 
1033 1037 0.025959 
1034 1036 0.033469 
1034 1037 0.034715 
1035 1037 0.038604 
1035 1038 0.034025 
1036 1038 0.041134 
1036 1039 0.03313 
1036 1040 0.021041 
1037 1039 0.045675 
1038 1040 0.039738 
1038 1041 0.028455 
1039 1041 0.035902 
1039 1042 0.034519 
1040 1042 0.035258 
1040 1043 0.024936 
1041 1043 0.038873 
1041 1044 0.029639 
1042 1044 0.043376 
1042 1045 0.035847 
1043 1045 0.048405 
1043 1046 0.033618 
1044 1046 0.043336 
1044 1047 0.026994 
1045 1047 0.036899 
1045 1048 0.031214 
1046 1048 0.038085 
1046 1049 0.025769 
1047 1049 0.027893 
1047 1050 0.022236 
1048 1050 0.037897 
1048 1051 0.032498 
1049 1051 0.046441 
1049 1052 0.032965 
1050 1052 0.04194 
1050 1053 0.033645 
1051 1053 0.045601 
1051 1054 0.030466 
1052 1054 0.033509 
1052 1055 0.025986 
1053 1055 0.039263 
1053 1056 0.033549 
1054 1056 0.044562 
1054 1057 0.035242 
1055 1057 0.044928 
1055 1058 0.033332 
1056 1058 0.048672 
1056 1059 0.03311 
1057 1059 0.040876 
1057 1060 0.025837 
1058 1060 0.03319 
1058 1061 0.029189 
1059 1061 0.038863 
1059 1062 0.031421 
1060 1062 0.040703 
1060 1063 0.026431 
1061 1063 0.033448 
1061 1064 0.025843 
1062 1064 0.036702 
1062 1065 0.031697 
1063 1065 0.039431 
1063 1066 0.031932 
1064 1066 0.043623 
1064 1067 0.030033 
1065 1067 0.037919 
1065 1068 0.026707 
1066 1068 0.028537 
1066 1069 0.019791 
1067 1069 0.036096 
1067 1070 0.02795 
1068 1070 0.038123 
1068 1071 0.030834 
1069 1071 0.035974 
1069 1072 0.027098 
1070 1072 0.03611 
1070 1073 0.029653 
1071 1073 0.044456 
1071 1074 0.03144 
1072 1074 0.040236 
1072 1075 0.030498 
1073 1075 0.039491 
1073 1076 0.028391 
1074 1076 0.03628 
1074 1077 0.027933 
1075 1077 0.038617 
1075 1078 0.0339 
1076 1078 0.051111 
1076 1079 0.032217 
1077 1079 0.04159 
1077 1080 0.028713 
1078 1080 0.039682 
1078 1081 0.034756 
1079 1081 0.045629 
1079 1082 0.02812 
1080 1082 0.032503 
1080 1083 0.021078 
1081 1083 0.03239 
1081 1084 0.02175 
1082 1084 0.034694 
1082 1085 0.032037 
1083 1085 0.04729 
1083 1086 0.037866 
1084 1086 0.034408 
1084 1087 0.026587 
1085 1087 0.037534 
1085 1088 0.029771 
1086 1088 0.047953 
1086 1089 0.027122 
1087 1089 0.035996 
1087 1090 0.032877 
1088 1090 0.044867 
1088 1091 0.031719 
1089 1091 0.034156 
1089 1092 0.025746 
1090 1092 0.038147 
1090 1093 0.02866 
1091 1093 0.044233 
1091 1094 0.029849 
1092 1094 0.036052 
1092 1095 0.026168 
1093 1095 0.033173 
1093 1096 0.026486 
1094 1096 0.036594 
1094 1097 0.029541 
1095 1097 0.039972 
1095 1098 0.027863 
1096 1098 0.03866 
1096 1099 0.026008 
1097 1099 0.03704 
1097 1100 0.036744 
1098 1100 0.045104 
1098 1101 0.032055 
1099 1101 0.040891 
1099 1102 0.027293 
1100 1102 0.038422 
1100 1103 0.030729 
1101 1103 0.041307 
1101 1104 0.029319 
1102 1104 0.046111 
1102 1105 0.027563 
1103 1105 0.033137 
1103 1106 0.026247 
1104 1106 0.034901 
1104 1107 0.0307 
1105 1107 0.044379 
1105 1108 0.023916 
1106 1108 0.029566 
1106 1109 0.024235 
1107 1109 0.036352 
1107 1110 0.032829 
1108 1110 0.040327 
1108 1111 0.026833 
1109 1111 0.031869 
1109 1112 0.024087 
1110 1112 0.039688 
1110 1117 0.017061 
1111 1113 0.038911 
1111 1116 0.019655 
1112 1114 0.054266 
1112 1115 0.035438 
1113 1115 0.049664 
1113 1116 0.032092 
1113 1117 0.029772 
1114 1116 0.044451 
1114 1117 0.042997 
1114 1118 0.045873 
1115 1117 0.061909 
1115 1118 0.059097 
1116 1118 0.058627 
1118 1127 0.017371 
1127 1129 0.076403 
1127 1130 0.066364 
1127 1131 0.046466 
1128 1130 0.065516 
1128 1131 0.043743 
1128 1132 0.032034 
1128 1134 0.022247 
1129 1131 0.051062 
1129 1132 0.032854 
1129 1133 0.028185 
1130 1132 0.046344 
1130 1135 0.033957 
1131 1133 0.055662 
1132 1134 0.04449 
1133 1135 0.036499 
1133 1136 0.025204 
1134 1136 0.038172 
1134 1137 0.028595 
1135 1137 0.044992 
1135 1138 0.03476 
1136 1138 0.048419 
1136 1139 0.032355 
1137 1139 0.039034 
1137 1140 0.029386 
1138 1140 0.039519 
1138 1141 0.028862 
1139 1141 0.048525 
1139 1142 0.035335 
1140 1142 0.043446 
1140 1143 0.031008 
1141 1143 0.03766 
1141 1144 0.02646 
1142 1144 0.036878 
1142 1145 0.023323 
1143 1145 0.031655 
1143 1146 0.022621 
1144 1146 0.037925 
1144 1147 0.031225 
1145 1147 0.045946 
1145 1148 0.033027 
1146 1148 0.042058 
1146 1149 0.03175 
1147 1149 0.038891 
1147 1150 0.028233 
1148 1150 0.036278 
1148 1151 0.030004 
1149 1151 0.043623 
1149 1152 0.023594 
1150 1152 0.031142 
1150 1153 0.026484 
1151 1153 0.031179 
1151 1154 0.029321 
1152 1154 0.032155 
1152 1155 0.022968 
1153 1155 0.037253 
1153 1156 0.028484 
1154 1156 0.043697 
1154 1157 0.033796 
1155 1157 0.046492 
1155 1158 0.034505 
1156 1158 0.042091 
1156 1159 0.030781 
1157 1159 0.045917 
1157 1160 0.031047 
1158 1160 0.048689 
1158 1161 0.033128 
1159 1161 0.046706 
1159 1162 0.027651 
1160 1162 0.037105 
1160 1163 0.027113 
1161 1163 0.036222 
1161 1164 0.027919 
1162 1164 0.034601 
1162 1165 0.030999 
1163 1165 0.041328 
1163 1166 0.029633 
1164 1166 0.036092 
1164 1167 0.026318 
1165 1167 0.033163 
1165 1168 0.026936 
1166 1168 0.031793 
1166 1169 0.029336 
1167 1169 0.042364 
1167 1170 0.026442 
1168 1170 0.037245 
1168 1171 0.025969 
1169 1171 0.034438 
1169 1172 0.027344 
1170 1172 0.037406 
1170 1173 0.03469 
1171 1173 0.036287 
1171 1174 0.024979 
1172 1174 0.032892 
1172 1175 0.026325 
1173 1175 0.044126 
1173 1176 0.027629 
1174 1176 0.037683 
1174 1177 0.030257 
1175 1177 0.042574 
1175 1178 0.033686 
1176 1178 0.040149 
1176 1179 0.026856 
1177 1179 0.039074 
1177 1180 0.024449 
1178 1180 0.035818 
1178 1181 0.03118 
1179 1181 0.041389 
1179 1182 0.030822 
1180 1182 0.034057 
1180 1183 0.022596 
1181 1183 0.029445 
1181 1184 0.021035 
1182 1184 0.03232 
1182 1185 0.027214 
1183 1185 0.041072 
1183 1186 0.033336 
1184 1186 0.040495 
1184 1187 0.027414 
1185 1187 0.035081 
1185 1188 0.024521 
1186 1188 0.034558 
1186 1189 0.029259 
1187 1189 0.044019 
1187 1190 0.034158 
1188 1190 0.04402 
1188 1191 0.02909 
1189 1191 0.038578 
1189 1192 0.031523 
1190 1192 0.038694 
1190 1193 0.029556 
1191 1193 0.041511 
1191 1194 0.02822 
1192 1194 0.040398 
1192 1195 0.030366 
1193 1195 0.038672 
1193 1196 0.02713 
1194 1196 0.041011 
1194 1197 0.030904 
1195 1197 0.037725 
1195 1198 0.025867 
1196 1198 0.036631 
1196 1199 0.024121 
1197 1199 0.032841 
1197 1200 0.029265 
1198 1200 0.035926 
1198 1201 0.033145 
1199 1201 0.039146 
1199 1202 0.027086 
1200 1202 0.035715 
1200 1203 0.026761 
1201 1203 0.043901 
1201 1204 0.037365 
1202 1204 0.05198 
1202 1205 0.031343 
1203 1205 0.042707 
1203 1206 0.028383 
1204 1206 0.035934 
1204 1207 0.04126 
1205 1207 0.051352 
1205 1208 0.037965 
1206 1208 0.040982 
1206 1209 0.030245 
1207 1209 0.043776 
1207 1210 0.029665 
1208 1210 0.045163 
1208 1211 0.026243 
1209 1211 0.037415 
1209 1212 0.026637 
1210 1212 0.036678 
1210 1213 0.029191 
1211 1213 0.036373 
1211 1214 0.031522 
1212 1214 0.037459 
1212 1215 0.030746 
1213 1215 0.03635 
1213 1216 0.029311 
1214 1216 0.036592 
1214 1217 0.027641 
1215 1217 0.037432 
1215 1218 0.030492 
1216 1218 0.036556 
1216 1219 0.032285 
1217 1219 0.033565 
1217 1220 0.027883 
1218 1220 0.035909 
1218 1221 0.026798 
1219 1221 0.043002 
1219 1222 0.031243 
1220 1222 0.039619 
1220 1223 0.027627 
1221 1223 0.036556 
1221 1224 0.029586 
1222 1224 0.044761 
1222 1225 0.029328 
1223 1225 0.036385 
1223 1226 0.033133 
1224 1226 0.041105 
1224 1227 0.033249 
1225 1227 0.051318 
1225 1228 0.035507 
1226 1228 0.04767 
1226 1229 0.034446 
1227 1229 0.045266 
1227 1230 0.031659 
1228 1230 0.040437 
1228 1231 0.027596 
1229 1231 0.0365 
1229 1232 0.028382 
1230 1232 0.039939 
1230 1233 0.030768 
1231 1233 0.047657 
1231 1234 0.040607 
1232 1234 0.047226 
1232 1235 0.035088 
1233 1235 0.038791 
1233 1236 0.02957 
1234 1236 0.040605 
1234 1237 0.029802 
1235 1237 0.048121 
1235 1238 0.026197 
1236 1238 0.035184 
1236 1239 0.030052 
1237 1239 0.041402 
1237 1240 0.028829 
1238 1240 0.041138 
1238 1241 0.031848 
1239 1241 0.048182 
1239 1242 0.034401 
1240 1242 0.045151 
1240 1243 0.035795 
1241 1243 0.048158 
1241 1244 0.03389 
1242 1244 0.043334 
1242 1245 0.031884 
1243 1245 0.039558 
1243 1246 0.029472 
1244 1246 0.036948 
1244 1247 0.033709 
1245 1247 0.043189 
1245 1248 0.03586 
1246 1248 0.050754 
1246 1249 0.037594 
1247 1249 0.05164 
1247 1250 0.039379 
1248 1250 0.049364 
1248 1251 0.035166 
1249 1251 0.045977 
1249 1252 0.03813 
1250 1252 0.048161 
1250 1253 0.040246 
1251 1253 0.051862 
1251 1256 0.033904 
1252 1254 0.055316 
1252 1255 0.044185 
1253 1255 0.068252 
1253 1256 0.054999 
1254 1256 0.099962 
1254 1257 0.024924 
1254 1258 0.032253 
1255 1257 0.042697 
1255 1258 0.047679 
1256 1258 0.067153 
