
Gurobi Optimizer version 7.5.1 build v7.5.1rc0 (linux64)
Copyright (c) 2017, Gurobi Optimization, Inc.

Read LP format model from file all.lp
Reading time = 0.92 seconds
obj: 1223 rows, 232000 columns, 464000 nonzeros
Optimize a model with 1223 rows, 232000 columns and 464000 nonzeros
Variable types: 0 continuous, 232000 integer (232000 binary)
Coefficient statistics:
  Matrix range     [1e+00, 1e+00]
  Objective range  [1e-05, 8e-03]
  Bounds range     [1e+00, 1e+00]
  RHS range        [1e+00, 1e+00]
Found heuristic solution: objective 0.0497711
Presolve time: 0.93s
Presolved: 1223 rows, 232000 columns, 464000 nonzeros
Variable types: 0 continuous, 232000 integer (232000 binary)

Starting sifting (using dual simplex for sub-problems)...

    Iter     Pivots    Primal Obj      Dual Obj        Time
       0          0     infinity     -9.6216341e-01      1s
       1       1916  -2.2236310e-01  -9.0375718e-01      1s
       2       4168  -2.3534347e-01  -8.2741622e-01      1s
       3       6114  -2.4284360e-01  -7.7092609e-01      1s
       4       8095  -2.5206395e-01  -7.0652463e-01      1s
       5      10056  -2.6283862e-01  -6.5282282e-01      2s
       6      12062  -2.6667337e-01  -5.9840686e-01      2s
       7      14107  -2.7041252e-01  -5.4474940e-01      2s
       8      16096  -2.7449507e-01  -4.9286769e-01      2s
       9      18118  -2.7621067e-01  -4.2474365e-01      2s
      10      20098  -2.7755059e-01  -3.5872302e-01      2s
      11      21793  -2.7847307e-01  -3.1726988e-01      2s

Sifting complete


Root relaxation: objective 2.786232e-01, 23230 iterations, 0.88 seconds

    Nodes    |    Current Node    |     Objective Bounds      |     Work
 Expl Unexpl |  Obj  Depth IntInf | Incumbent    BestBd   Gap | It/Node Time

*    0     0               0       0.2786231    0.27862  0.00%     -    2s

Explored 0 nodes (23230 simplex iterations) in 3.40 seconds
Thread count was 16 (of 16 available processors)

Solution count 2: 0.278623 0.0497711 

Optimal solution found (tolerance 1.00e-04)
Best objective 2.786231500000e-01, best bound 2.786231500000e-01, gap 0.0000%

Wrote result file 'all.sol'

% Gurobi computed a set of 235 edges and weight 0.27862315000000015
195 1248 0.00057044 
203 1219 0.00061235 
211 1033 0.00076784 
225 1094 0.0016165 
229 1239 0.00057802 
237 1225 0.00070996 
244 1241 0.00051776 
252 1213 0.00051958 
253 1231 0.00056074 
286 1223 0.00053937 
291 1067 0.00081433 
292 1233 0.00060693 
293 1230 0.00050789 
295 1216 0.00062089 
296 1234 0.00049473 
299 1227 0.00053273 
312 1204 0.00058821 
313 1058 0.00059104 
315 1211 0.00056435 
316 1198 0.00056987 
317 1194 0.00065026 
320 1180 0.000709 
325 1076 0.00075864 
327 1187 0.00065888 
328 1065 0.00076718 
330 1189 0.00068408 
331 1179 0.00070944 
332 1191 0.00074907 
333 1218 0.00058152 
337 1074 0.00093716 
338 1172 0.0013239 
339 1082 0.0007794 
340 1177 0.00070135 
341 1200 0.00069328 
342 1063 0.00063154 
343 1071 0.00073954 
346 1181 0.00068288 
348 1054 0.00056279 
349 1072 0.00087837 
350 1078 0.00063613 
351 1075 0.00074423 
352 1196 0.00065098 
353 1081 0.00082562 
355 1068 0.00067247 
356 1095 0.0016364 
358 1084 0.00095693 
362 1093 0.00083048 
363 1139 0.0014604 
364 1142 0.0014804 
365 1100 0.0011169 
366 1136 0.0018849 
367 1143 0.0015811 
368 1140 0.0015036 
369 1141 0.0015916 
370 1137 0.0020795 
371 1135 0.002095 
372 1130 0.003829 
373 1134 0.0030658 
374 1131 0.0045289 
380 1024 0.0070241 
381 1128 0.0073265 
382 1129 0.0053825 
383 1133 0.0031682 
384 1112 0.0022276 
385 1132 0.0029422 
386 1108 0.0016975 
388 1173 0.0007665 
390 1098 0.00091821 
391 1102 0.0011638 
392 1087 0.00077796 
393 1192 0.00067703 
394 1206 0.00065676 
395 1090 0.00088258 
396 1096 0.0010117 
397 1069 0.00076569 
399 1167 0.00075802 
400 1203 0.00068484 
401 1091 0.00088559 
403 1193 0.00062639 
405 1190 0.00066088 
406 1080 0.0007439 
407 1079 0.00067906 
409 1202 0.00069423 
411 1182 0.00063722 
412 1171 0.00076993 
413 1188 0.00067163 
414 1178 0.00066396 
415 1215 0.00068458 
419 1222 0.00050149 
420 1034 0.00069764 
422 1229 0.00048421 
423 1209 0.00057481 
424 1224 0.00059238 
425 1199 0.0006492 
426 1221 0.00068644 
427 1210 0.00051508 
430 1207 0.00050988 
436 1255 0.00064378 
443 1232 0.00065556 
445 1049 0.00061251 
447 1040 0.00087122 
453 1023 0.00060321 
478 1246 0.00063636 
480 1214 0.00069737 
486 1235 0.00048287 
489 1238 0.00058269 
495 1039 0.00054778 
496 1220 0.00065428 
520 1030 0.00071811 
528 1256 0.00084843 
533 1041 0.00069694 
556 1257 0.0041425 
557 1258 0.0062659 
562 1240 0.00067224 
568 1244 0.00067535 
569 1250 0.0005483 
588 1018 0.00057794 
591 1253 0.00065438 
592 1249 0.00057098 
593 1016 0.0006879 
594 1052 0.0007434 
595 1036 0.00070771 
596 1017 0.00074631 
600 1048 0.00050141 
601 1032 0.00068356 
608 1026 0.00057473 
609 1237 0.00061349 
615 1029 0.00068865 
618 1212 0.00084159 
622 1037 0.00065831 
623 1217 0.00057163 
624 1046 0.00057314 
627 1027 0.00072797 
628 1059 0.00072859 
635 1236 0.00056011 
641 1045 0.00061628 
642 1197 0.00056556 
643 1062 0.00063503 
646 1019 0.00070049 
647 1025 0.0007215 
648 1042 0.00064612 
649 1028 0.00063064 
655 1020 0.00062748 
662 1057 0.00052301 
663 1242 0.00054677 
664 1060 0.00065601 
665 1201 0.0005618 
666 1021 0.00063199 
667 1186 0.00061838 
669 1038 0.0005778 
670 1031 0.00056169 
671 1228 0.00053202 
672 1247 0.00048309 
673 1245 0.00056867 
674 1044 0.00065666 
675 1050 0.00061572 
676 1169 0.00061267 
677 1164 0.0010499 
678 1170 0.00081348 
679 1176 0.00079886 
680 1035 0.00083682 
681 1064 0.00072785 
682 1252 0.00066905 
683 1061 0.00092044 
684 1055 0.00067846 
685 1165 0.0010292 
686 1251 0.00099501 
687 1168 0.00081458 
688 1160 0.0014438 
689 1159 0.001924 
690 1157 0.0027724 
691 1155 0.0019068 
692 1161 0.001418 
693 1162 0.001341 
694 1156 0.0017451 
695 1154 0.0015501 
696 1070 0.00080409 
697 1163 0.00097736 
698 1051 0.00087375 
699 1148 0.0014779 
700 1152 0.0013822 
701 1149 0.0015065 
702 1150 0.0016046 
703 1151 0.0014896 
704 1153 0.0015526 
705 1166 0.001199 
706 1158 0.0029934 
707 1146 0.0017729 
708 1147 0.0015708 
709 1099 0.0014092 
710 1145 0.0015843 
711 1109 0.0024397 
712 1144 0.0019383 
713 1138 0.0023603 
714 1114 0.0032097 
715 1113 0.0036663 
716 1116 0.0050375 
717 1118 0.006548 
724 1127 0.0069225 
725 1117 0.0060499 
726 1115 0.00368 
727 1106 0.0018187 
728 1104 0.0013643 
729 1110 0.0020627 
730 1111 0.0022856 
731 1107 0.001551 
732 1101 0.0010203 
733 1105 0.0013753 
734 1174 0.00080802 
735 1092 0.00097553 
736 1053 0.00050593 
737 1103 0.0013782 
739 1077 0.00076878 
740 1085 0.00097245 
741 1097 0.0010222 
745 1185 0.00064815 
746 1083 0.00078306 
749 1086 0.00074701 
750 1073 0.00062923 
751 1175 0.00070418 
752 1043 0.00057443 
753 1089 0.0010028 
754 1047 0.00078094 
755 1184 0.00069248 
756 1088 0.0007765 
757 1243 0.00070881 
758 1056 0.00066172 
759 1226 0.0005788 
761 1208 0.00056481 
764 1022 0.00062813 
770 1205 0.00075805 
783 1066 0.00093285 
854 1195 0.00053405 
980 1183 0.00074662 
983 1254 0.00050735 
