perfect matching with 2516 nodes and 690336 edges
    starting init...done [7.203 secs]. 0 trees
    .
done [7.203 secs]. 0 grows, 0 expands, 0 shrinks
    expands: [0.000 secs], shrinks: [0.000 secs], dual updates: [0.000 secs]
cost = -1080895372.0
% Blossom V computed a matching of size 441 and weight 0.5404477000000003
6 1005 0.010379 
7 1007 0.01281 
8 1008 0.016512 
9 1006 0.0152 
10 567 0.0067799 
11 1002 0.0042177 
12 999 0.002953 
13 1001 0.003124 
14 569 0.003584 
15 1000 0.0030718 
16 576 0.0016501 
17 997 0.0019273 
18 991 0.0011529 
19 994 0.0015184 
20 996 0.0015672 
21 998 0.0016481 
22 987 0.0010116 
23 992 0.0011551 
24 988 0.0010454 
25 964 0.00094843 
26 989 0.00094537 
27 586 0.00093536 
28 993 0.0010825 
29 974 0.00069774 
30 961 0.00086834 
31 971 0.00099617 
32 977 0.00092138 
33 915 0.0007515 
34 972 0.00084265 
35 967 0.00080208 
36 978 0.00083346 
37 947 0.00066593 
38 986 0.00090502 
39 933 0.00065375 
40 959 0.00062281 
41 962 0.00078765 
42 963 0.00067337 
43 946 0.00063479 
44 975 0.00076097 
45 939 0.00074782 
46 820 0.00073175 
47 954 0.00058561 
48 957 0.00071494 
49 979 0.00077129 
50 956 0.00072916 
51 973 0.00076791 
52 966 0.00077232 
53 968 0.00081848 
54 982 0.00060231 
55 597 0.00060989 
56 936 0.00061661 
57 926 0.00059226 
58 921 0.0006237 
59 983 0.00078713 
60 985 0.00089057 
61 953 0.00057919 
62 869 0.00054257 
64 976 0.00072623 
65 948 0.00071155 
66 932 0.00058397 
67 861 0.00050587 
68 949 0.00059867 
69 901 0.00069311 
70 955 0.00072531 
71 942 0.00065206 
72 950 0.00054829 
73 890 0.00047598 
75 981 0.00062306 
76 905 0.00063942 
78 880 0.00055264 
79 938 0.0006496 
81 894 0.00048038 
82 605 0.00054907 
83 920 0.00047235 
84 810 0.00050792 
85 849 0.00053556 
88 923 0.00068517 
89 965 0.00066357 
90 853 0.00047969 
91 919 0.0005549 
92 958 0.00067481 
93 909 0.00053665 
94 669 0.0012164 
95 917 0.00066583 
96 944 0.00058802 
98 902 0.00058356 
99 934 0.00055224 
101 900 0.00058144 
103 884 0.00060872 
105 916 0.00050562 
106 960 0.00063887 
108 912 0.00053507 
109 951 0.00053653 
110 931 0.00052634 
111 943 0.00066623 
112 924 0.00053998 
115 940 0.00056236 
116 908 0.00054963 
119 935 0.00049841 
120 907 0.00056231 
121 903 0.00063142 
124 952 0.00061254 
125 887 0.0004746 
127 927 0.00054291 
128 863 0.00051442 
129 838 0.00050773 
130 867 0.00055742 
132 872 0.00044096 
135 796 0.00059628 
137 858 0.00050213 
140 891 0.00049444 
144 892 0.00058393 
150 895 0.00047546 
154 928 0.00053569 
155 874 0.00066379 
157 930 0.00059869 
160 877 0.00055976 
166 854 0.00074892 
169 852 0.00044258 
179 875 0.00052526 
183 870 0.00060886 
185 841 0.00054198 
186 802 0.0012813 
187 937 0.00059455 
189 911 0.00051461 
191 860 0.00059958 
193 913 0.00054264 
194 864 0.00057339 
195 945 0.00070798 
196 906 0.00066559 
199 873 0.00070467 
202 866 0.00050759 
205 914 0.00053452 
208 650 0.00049995 
210 862 0.00049618 
211 922 0.00079196 
212 856 0.00061472 
228 969 0.00056368 
229 817 0.0007085 
232 831 0.00048429 
242 896 0.00051607 
244 868 0.00045778 
248 941 0.00050787 
252 803 0.00061436 
253 822 0.00058467 
254 846 0.00048522 
255 898 0.00053391 
259 825 0.00050293 
267 859 0.00058623 
269 848 0.00057721 
270 893 0.00059537 
273 806 0.00053009 
282 845 0.00053142 
288 816 0.0005241 
293 837 0.00056119 
295 832 0.00062866 
296 833 0.00079668 
298 883 0.0006749 
299 836 0.00048598 
308 830 0.00052234 
309 814 0.00052922 
312 784 0.00057723 
317 835 0.00056771 
319 805 0.00057478 
325 827 0.00057233 
328 790 0.00059368 
329 789 0.00067634 
330 824 0.00048318 
331 791 0.00059814 
332 635 0.0006289 
333 779 0.00071741 
334 818 0.00051115 
335 797 0.00059681 
337 782 0.00072333 
338 769 0.00098021 
339 664 0.0006411 
340 788 0.00058447 
341 813 0.00065987 
342 658 0.00062327 
343 795 0.00061541 
345 801 0.00052054 
346 776 0.00050882 
349 770 0.00082809 
350 756 0.00081636 
352 749 0.00084563 
355 755 0.00083178 
356 761 0.00080323 
357 759 0.00075394 
359 764 0.00074978 
362 783 0.00073445 
363 742 0.0010471 
364 757 0.00098612 
365 763 0.00069431 
366 740 0.0016188 
367 736 0.00179 
368 748 0.00088161 
369 765 0.00072174 
370 733 0.0019988 
371 735 0.0019258 
372 732 0.0021032 
373 730 0.0028903 
374 767 0.0015207 
380 726 0.0062623 
381 725 0.0069776 
382 729 0.0035489 
383 728 0.0032164 
384 743 0.0011692 
385 727 0.0039139 
386 731 0.0023806 
387 734 0.0020143 
388 768 0.00080926 
390 744 0.0010665 
391 794 0.00069868 
392 739 0.0012689 
393 754 0.0011053 
394 746 0.0010305 
395 751 0.00092852 
396 741 0.0011925 
397 786 0.000646 
398 747 0.00082531 
399 778 0.00078897 
400 762 0.00079548 
401 815 0.00062596 
403 766 0.00078941 
406 879 0.00095109 
409 807 0.00050649 
411 777 0.00059481 
412 823 0.00057049 
413 834 0.00052444 
415 828 0.00057988 
417 792 0.00063813 
420 811 0.00060665 
422 785 0.00066083 
425 855 0.00074372 
428 798 0.00057309 
429 819 0.00059174 
435 808 0.00053787 
436 844 0.00056587 
437 842 0.00051926 
443 821 0.00071722 
444 910 0.00053902 
450 812 0.0006808 
453 780 0.00063295 
465 800 0.00066079 
469 865 0.00061086 
478 809 0.00059946 
480 889 0.0007397 
486 881 0.00052314 
491 840 0.00058204 
493 882 0.00064024 
494 850 0.00048595 
495 970 0.00054915 
496 857 0.00059639 
497 847 0.0005512 
498 897 0.0004969 
499 829 0.00050308 
504 839 0.00057736 
506 888 0.00054954 
507 613 0.00048879 
509 590 0.00054684 
511 878 0.00051237 
512 885 0.00048999 
513 843 0.00055421 
514 617 0.00057089 
515 899 0.00050654 
516 904 0.00046574 
517 627 0.00070005 
519 585 0.00067772 
520 584 0.00096662 
521 826 0.00057891 
522 589 0.00069944 
523 607 0.00054886 
524 876 0.00044813 
525 614 0.00047193 
526 886 0.00045056 
527 588 0.00063193 
528 581 0.00084342 
529 612 0.00054629 
531 580 0.00073478 
532 611 0.00050513 
533 582 0.00061662 
534 578 0.00098913 
535 918 0.00055016 
536 610 0.00061406 
537 583 0.00075379 
538 579 0.00095286 
539 587 0.00072044 
540 574 0.0012512 
541 577 0.0014007 
542 990 0.0009206 
543 995 0.0012576 
544 575 0.0018354 
545 572 0.0026039 
546 573 0.002423 
547 571 0.0030888 
548 568 0.0033618 
549 570 0.0036391 
550 564 0.007065 
551 566 0.0088059 
552 565 0.010939 
553 562 0.012595 
554 563 0.010635 
555 1004 0.007904 
556 772 0.0037019 
557 1003 0.0051346 
591 1051 0.00072438 
592 1021 0.00057534 
593 1016 0.0006879 
594 1052 0.0007434 
595 1036 0.00070771 
596 1017 0.00074631 
598 1250 0.00049179 
599 1030 0.00058201 
600 1048 0.00050141 
601 1032 0.00068356 
602 1020 0.00058871 
603 1246 0.00055813 
604 1022 0.0006253 
606 1252 0.00052382 
608 1026 0.00057473 
609 1237 0.00061349 
615 1029 0.00068865 
616 1094 0.0015765 
618 1212 0.00084159 
619 1033 0.00062038 
620 1023 0.000583 
621 1238 0.00051162 
622 1037 0.00065831 
623 1217 0.00057163 
624 1046 0.00057314 
625 1181 0.00054361 
626 1040 0.00060481 
628 1059 0.00072859 
629 1031 0.00055333 
630 1034 0.00055897 
631 1073 0.00051526 
632 1047 0.00058446 
633 1063 0.00055082 
634 1071 0.00053847 
636 1172 0.00054911 
637 1066 0.00081861 
638 1044 0.00060425 
639 1166 0.00055538 
640 1168 0.00052849 
641 1045 0.00061628 
642 1041 0.00066578 
643 1024 0.00083556 
644 1074 0.00062086 
645 1054 0.00055623 
646 1019 0.00070049 
647 1025 0.0007215 
648 1042 0.00064612 
649 1028 0.00063064 
651 1056 0.00052304 
652 1225 0.00059805 
653 1240 0.00056188 
654 1050 0.00059155 
655 1163 0.00065931 
656 1180 0.00056216 
657 1018 0.00057537 
659 1100 0.00059529 
660 1072 0.00059429 
661 1061 0.00059007 
662 1255 0.00063372 
663 1165 0.00070486 
665 1027 0.00066931 
666 1105 0.00071116 
667 1186 0.00061838 
668 1085 0.00062917 
670 1060 0.0006047 
671 1084 0.00068801 
672 1099 0.0007249 
673 1104 0.00081359 
674 1095 0.00078505 
675 1102 0.00067386 
676 1090 0.0006428 
677 1164 0.0010499 
678 1136 0.00088281 
679 1176 0.00079886 
680 1152 0.00089892 
681 1064 0.00072785 
682 1097 0.00069604 
683 1150 0.0012082 
684 1154 0.0011189 
685 1096 0.00099293 
686 1159 0.0015373 
687 1151 0.00092078 
688 1160 0.0014438 
689 1156 0.0019481 
690 1157 0.0027724 
691 1155 0.0019068 
692 1161 0.001418 
693 1162 0.001341 
694 1146 0.0012631 
695 1153 0.0014996 
696 1148 0.0012933 
697 1140 0.001219 
698 1149 0.0013549 
699 1137 0.0014674 
700 1138 0.0014505 
701 1141 0.0014938 
702 1139 0.0013798 
703 1143 0.0016071 
704 1109 0.0016334 
705 1145 0.0015183 
706 1158 0.0029934 
707 1142 0.0017369 
708 1133 0.0019157 
709 1114 0.0022611 
710 1113 0.0028006 
711 1132 0.0027054 
712 1112 0.0026159 
713 1116 0.0040364 
714 1128 0.0039536 
715 1117 0.0047046 
716 1129 0.0047446 
717 1118 0.006548 
724 1127 0.0069225 
737 1115 0.0016468 
738 1103 0.0013023 
745 1110 0.0011741 
750 1111 0.00097248 
752 1108 0.0010066 
753 1089 0.0010028 
758 1098 0.00081444 
760 1092 0.00073726 
771 1107 0.00066868 
773 1147 0.00061307 
774 1078 0.00057474 
775 1079 0.00056623 
781 1106 0.0006651 
787 1035 0.00069547 
793 1093 0.00055187 
799 1065 0.00051757 
804 1248 0.00053137 
851 1231 0.00054589 
871 1251 0.00051952 
925 1257 0.0017074 
929 1256 0.00066175 
980 1183 0.00074662 
984 1258 0.0021081 
