perfect matching with 2516 nodes and 55768 edges
    starting init...done [0.002 secs]. 12 trees
    .8.6.4.2.0.
done [0.008 secs]. 252 grows, 8 expands, 77 shrinks
    expands: [0.000 secs], shrinks: [0.001 secs], dual updates: [0.000 secs]
cost = -10142820656.0
% Blossom V computed a matching of size 117 and weight 5.071410330000002
1016 1018 0.10004 
1017 1019 0.079412 
1020 1022 0.043746 
1021 1023 0.044944 
1024 1026 0.04235 
1027 1029 0.047129 
1028 1030 0.045421 
1031 1033 0.043558 
1032 1034 0.043787 
1035 1037 0.038604 
1036 1038 0.041134 
1039 1041 0.035902 
1040 1042 0.035258 
1043 1045 0.048405 
1044 1046 0.043336 
1047 1049 0.027893 
1048 1050 0.037897 
1051 1053 0.045601 
1052 1054 0.033509 
1055 1057 0.044928 
1056 1058 0.048672 
1059 1061 0.038863 
1060 1062 0.040703 
1063 1065 0.039431 
1064 1066 0.043623 
1067 1069 0.036096 
1068 1070 0.038123 
1071 1073 0.044456 
1072 1074 0.040236 
1075 1077 0.038617 
1076 1078 0.051111 
1079 1081 0.045629 
1080 1082 0.032503 
1083 1085 0.04729 
1084 1086 0.034408 
1087 1089 0.035996 
1088 1090 0.044867 
1091 1093 0.044233 
1092 1094 0.036052 
1095 1097 0.039972 
1096 1099 0.026008 
1098 1100 0.045104 
1101 1103 0.041307 
1102 1104 0.046111 
1105 1107 0.044379 
1106 1109 0.024235 
1108 1110 0.040327 
1111 1113 0.038911 
1112 1114 0.054266 
1115 1117 0.061909 
1116 1118 0.058627 
1127 1129 0.076403 
1128 1130 0.065516 
1131 1133 0.055662 
1132 1134 0.04449 
1135 1137 0.044992 
1136 1138 0.048419 
1139 1141 0.048525 
1140 1143 0.031008 
1142 1144 0.036878 
1145 1147 0.045946 
1146 1148 0.042058 
1149 1151 0.043623 
1150 1152 0.031142 
1153 1257 0.00091533 
1154 1156 0.043697 
1155 1157 0.046492 
1158 1160 0.048689 
1159 1161 0.046706 
1162 1164 0.034601 
1163 1165 0.041328 
1166 1168 0.031793 
1167 1169 0.042364 
1170 1172 0.037406 
1171 1173 0.036287 
1174 1176 0.037683 
1175 1177 0.042574 
1178 1180 0.035818 
1179 1181 0.041389 
1182 1184 0.03232 
1183 1185 0.041072 
1186 1188 0.034558 
1187 1189 0.044019 
1190 1192 0.038694 
1191 1193 0.041511 
1194 1196 0.041011 
1195 1197 0.037725 
1198 1200 0.035926 
1199 1201 0.039146 
1202 1204 0.05198 
1203 1205 0.042707 
1206 1208 0.040982 
1207 1209 0.043776 
1210 1212 0.036678 
1211 1213 0.036373 
1214 1216 0.036592 
1215 1217 0.037432 
1218 1220 0.035909 
1219 1221 0.043002 
1222 1224 0.044761 
1223 1225 0.036385 
1226 1228 0.04767 
1227 1229 0.045266 
1230 1232 0.039939 
1231 1233 0.047657 
1234 1236 0.040605 
1235 1237 0.048121 
1238 1240 0.041138 
1239 1241 0.048182 
1242 1244 0.043334 
1243 1245 0.039558 
1246 1248 0.050754 
1247 1249 0.05164 
1250 1252 0.048161 
1251 1253 0.051862 
1254 1256 0.099962 
1255 1258 0.047679 
